0 1 1.233160512859726 0.5385981959627628
1 1 -0.7489534648476894 4.701276009384957
2 1 3.500700456991975 0.34673903703485376
3 0 -5.147567301625356 -4.9544484035815115
4 0 3.3378810113982063 4.4401457789618295
5 1 -0.46224765296481785 3.3663501154374664
6 0 -4.279760551091443 5.336027004595007
7 1 -2.8253326547444764 3.2908042732106004
8 0 -5.774522394763738 1.4116259649105247
9 0 5.324976942175489 2.181843589241801
10 0 2.371574351127178 -5.277294340448762
11 0 -3.475409267113909 -4.45288442814176
12 1 0.8423612450145557 -0.7367818384521563
13 0 -3.4934789268619837 -4.064285785380045
14 1 -0.40427072572432454 -3.066892895980767
15 1 1.875955073583281 -4.341804583816634
16 0 3.8519187581752217 -4.834784690483264
17 0 5.717513580160748 -0.3761855802275811
18 0 2.8711629527796205 -5.529746492948152
19 0 -2.446317629734261 -4.575267372549071
20 0 -5.230230043814588 2.3096654324402373
21 1 0.27897664160039604 -4.8727138708987
22 0 -2.177172570584116 2.0089245595641803
23 1 -2.527126884633587 -3.801703655914598
24 0 3.9472803506083576 -5.943654285689435
25 0 2.822328265471139 5.546262541409259
26 1 1.1045031752620682 0.86702286949048
27 1 -0.6344954565884713 4.1569040696535335
28 1 3.765573836429727 -1.2419311098361838
29 0 4.580824342258234 2.31037908093319
30 0 5.473003616678687 1.7278823907556493
31 0 -5.769681620287997 -2.381102199905408
32 1 1.4161851479860985 -0.8547755886508064
33 1 0.8395789284151789 1.0904731349780787
34 1 1.8252392400202666 -0.822978774792313
35 1 -0.7696208968124783 4.703080260188065
36 0 -4.797277352252387 5.033791364936082
37 0 -4.206620344104075 4.4175126884185705
38 0 -4.514160205806702 4.176098751866814
39 0 -1.113800433288004 -5.169996054538343
40 0 2.664667193644174 4.39658791114355
41 0 -5.859430989779977 -1.6802632262596333
42 0 0.25243927444955183 -5.3479441399289565
43 1 3.5243724402890475 -3.3129037432754385
44 0 2.452972823082394 -5.617932845624306
45 1 0.9267430632500115 -3.1452861435058965
46 1 0.4275936362995001 1.0789197162548518
47 1 -1.221347253406897 -3.4818750122985342
48 1 2.8746095405914502 -0.11449429658919463
49 0 -5.303650076113493 -0.7870004933025507
50 1 -1.4669779284902287 -3.8447558692843824
51 1 2.152713281982807 -0.5556378653274567
52 0 5.8840673687604514 -3.3972361872183128
53 0 -5.752188006411256 3.1005438460336983
54 1 1.059805362643269 3.9725814628342846
55 1 -2.7174955822123708 3.5765620069507644
56 1 2.249859316653783 -3.4139078746372986
57 1 -2.95270028885969 -3.4402562715902163
58 1 -3.510359094706687 -0.9037743749819249
59 1 -2.668455524463217 1.0414121574980255
60 1 0.2085492858493705 -4.415182723858161
61 1 0.7850557423021076 -3.8006419654310566
62 0 -1.7326471458005326 5.285183343033756
63 0 4.844636876951201 -4.998930774695777
64 0 5.543236542566749 -2.494229678489414
65 0 -5.802844444902309 5.154351801506287
66 1 -2.619238730952611 1.0369219942359198
67 0 5.729941676933361 4.518062943799089
68 0 -3.219580482345546 5.391825868988178
69 1 1.565375242401494 4.491455599499364
70 0 1.4145203030102858 -5.841157706893206
71 0 5.781952677819039 -0.25955631552014324
72 1 -1.5769847264445893 -4.357196739772813
73 1 0.13582779055747274 -3.308195652303129
74 0 5.675033868277563 5.530015896756002
75 0 -2.002258175656297 -5.026783320144039
76 0 -4.410148382904204 -5.358873818558097
77 0 3.246968982033316 -4.2366402551955
78 1 2.0645736882469734 -3.0555934817658628
79 0 4.3266140859455255 2.7245311525359384
80 0 -5.335508154945625 -2.38081638622869
81 0 2.199376026572166 2.347505347666287
82 0 -3.8261884591571635 3.462546147678225
83 1 3.3443447512932405 3.328890742185038
84 0 1.0511956223566683 -2.7261371709063957
85 0 -0.48172939492791134 -5.4646523849506305
86 0 0.2260217859783129 -2.3182788054576466
87 0 1.7468429334720463 -5.575650770934109
88 1 0.4341299364414244 2.1767101272460536
89 0 -1.2878918814348683 5.476868673551387
90 1 0.5256714009279158 -0.5170629402508098
91 1 2.6900116393385183 -1.2116961395627754
92 1 2.3954646510062005 -2.067355181314573
93 0 -3.1197567194434854 -4.073534130176923
94 1 -0.5023340728794858 1.091809983884219
95 0 5.422493721992835 0.9090139445384686
96 0 3.7862858252228264 -4.087026438612529
97 0 -5.247444575719852 -0.9116129773218962
98 0 -5.600344481439645 5.507792662361682
99 0 -5.804057967795505 -3.7772120971657928
100 0 -4.8046208373447445 5.343618401748955
101 1 -2.079589418780879 -3.2070704486513177
102 0 -5.812727226638062 -0.8544513300211456
103 1 -3.346069015846994 -2.961705675325777
104 1 -4.6141884343350235 1.4217631141529745
105 1 -1.0913508555232614 -4.0445468874407355
106 0 5.872917327413177 -5.216349514178638
107 1 -3.102976559081112 1.950054858392111
108 1 0.20770220642746473 -0.9109321387698088
109 0 2.4788964752757465 -1.0217175679972321
110 0 5.099602943438306 -5.447912269352437
111 0 3.7795977524429674 5.825897131719572
112 0 -2.4413248192316415 5.904134920973689
113 0 5.41143133266473 -3.1989569343828443
114 0 2.7685091895297145 4.580642548006075
115 1 -1.5084458001490066 2.985459090481598
116 0 -0.6085002157471431 -2.346379111472166
117 0 0.028673489871136937 5.3110031963751645
118 0 5.282516272257208 3.0091783426362237
119 0 5.932809475772153 -0.5781398079628843
120 1 -4.171743531747234 -0.9901635024478583
121 1 -1.4063032901057504 4.74463061145852
122 1 -2.702117161588841 1.1067650251420416
123 0 0.6249393203036497 -2.7401667887262495
124 1 -3.0190384190043478 0.07039660590370023
125 1 0.2996453070511711 3.007140275147851
126 0 4.347822562030828 -5.415716448293658
127 0 -4.744465335090311 -1.8182881315980346
128 1 1.4686131427920586 2.526340832668147
129 0 2.1149097873295553 4.550817156375924
130 0 -5.637176903928209 2.5240419476905593
131 0 0.3664465747533816 5.065337541206317
132 0 -5.708241603478107 -1.8886681879009162
133 0 -3.483000604132379 -4.611561200074876
134 0 2.0634856871498677 5.386332248646088
135 1 1.2047068451716747 1.0648753196434582
136 1 2.3577891684174013 3.7641437964223616
137 0 3.490081958728858 -4.833084892410904
138 0 2.3274769312145693 -4.9093712156110865
139 1 1.4795360762415672 4.64352937460901
140 0 5.766961593447389 4.461428817065915
141 0 0.49656952508562924 5.079672814669959
142 0 5.0373937293379 -5.567594190857166
143 0 5.425712367545049 -2.399652966288845
144 1 -0.6432670142015651 4.894507132251913
145 0 -0.7168349660460986 -5.082158771636575
146 0 -5.524613729045788 -5.280668421005121
147 0 2.878607013949212 4.776748286564821
148 0 -2.346643627831461 5.97554701594408
149 0 -1.4610579009184583 5.754323152025503
150 0 2.1641839921800177 -5.241508579936433
151 1 -2.592000278854787 -3.139040628911304
152 0 -0.5217613048481358 -1.9502714188291215
153 0 -4.83835256185951 -1.8792992545090073
154 0 -1.232919033983496 5.991335927066054
155 1 1.6509923343695139 3.756646358969528
156 1 3.174743692292502 2.3789817338194865
157 0 -5.248367963282282 -3.097179549582182
158 0 3.27700264865846 5.504891076679115
159 1 1.076336676162609 2.9447768873675155
160 0 5.801114907127705 -1.202379693305689
161 0 2.219213264202713 1.8811435012900448
162 1 -0.026677106095898573 0.9729831560647568
163 0 4.314970037035458 -5.297580933173295
164 0 -0.5152948640235913 5.759547916107712
165 0 -4.592213229801674 -2.7449750788576304
166 0 2.0566017440418385 -1.8633824714939085
167 1 -1.2100662569427225 -0.8188784681481689
168 1 3.868880860268284 1.8410539333636429
169 1 -4.674274668099063 -1.139572640436601
170 0 -5.640596101143007 2.8470509111577282
171 0 2.438609957606589 1.617435875204337
172 0 4.40600590926239 -5.649717181813041
173 1 0.2902063247250979 -1.6188014752798825
174 1 0.21779776549409213 4.113322352218107
175 0 -5.033615958337871 -4.97626892257556
176 0 -2.8195236196262154 -5.206206454596543
177 1 -4.054556871494001 0.7161888698813756
178 0 -4.159573465687851 -3.604846294558628
179 1 -1.8067164954175814 3.377755202815937
180 0 -5.652569411676474 4.748295494522441
181 0 2.2894173138783547 5.848185084887618
182 1 0.012758074017025223 -1.4833301376677852
183 1 -0.04835645551836443 2.180879340832334
184 0 -4.5914364699533134 -4.081856557749704
185 0 -5.953675781876867 -3.8570403833081244
186 0 4.582758037161987 2.6354418941074584
187 1 -2.3951558020981536 0.5940068735432575
188 0 -2.7935156176521763 4.528785470089435
189 1 -3.0277797300922087 -2.1811978898752513
190 0 -0.6649525462643915 -1.9667728032013514
191 0 5.902683949855552 -1.4791047964681585
192 1 2.1082697717312016 -3.061326246958807
193 0 5.073079322704384 -2.471080051402007
194 0 3.338059145403051 4.13081953863629
195 0 4.114258654025486 3.816399669070062
196 0 -2.349615700807106 -5.095691170999916
197 1 0.8186111240381404 -3.0413167222661266
198 0 5.710606421022401 5.190734446288085
199 1 -2.9952214457571267 -0.19927757757129605
200 1 -1.1003650999230619 -1.4711211289333521
201 0 5.452005784712304 -1.7767651140517113
202 0 -1.7109041808634435 1.4599852374390938
203 0 -4.650872193452265 -3.4507876644715076
204 1 2.94279552038555 0.3228893886261641
205 0 -0.895179295739343 -5.237354701966099
206 0 -3.4152215478811416 4.30005166361115
207 1 1.2685434872433454 -4.61205753713984
208 1 3.7432627402922307 -0.2473854073297428
209 1 -2.485337219675824 2.580631169582004
210 0 -4.713471054857448 3.8080693375394574
211 1 2.7994696118007134 -1.083285532431077
212 0 4.668719438276744 2.8473429565700137
213 0 5.034088882869849 2.525469114053898
214 1 -4.3162077849189675 -1.6920566599244147
215 1 -2.6059577738870052 -1.92442747000561
216 0 -4.2263839912153145 -2.9170002757599707
217 0 4.78753310672438 -3.773785229721885
218 1 -2.2014892812902875 -0.6374764326456104
219 0 4.9796492437874225 2.7809302251947123
220 1 0.9325130918020843 3.3501531996220084
221 1 3.2504730788237737 2.8307267616927962
222 1 -0.704142357835071 -0.1630746133360148
223 1 1.4540309684046564 -0.021845210844679386
224 1 -1.1828646083337606 -0.9996989170954684
225 0 -3.4625424506110374 -5.287401743930529
226 1 -4.558557814038288 -1.9863151020466212
227 0 4.798400916000363 -5.317472890255734
228 1 4.36164779032303 0.798073283869952
229 1 3.0883697188525048 -2.2251204599485535
230 1 -0.18041225810315353 4.813946047789939
231 0 2.7068824092178723 -5.53731304729202
232 0 4.8377957622188585 -5.484909712694016
233 1 -0.29293059498187546 3.8402692304370216
234 1 -2.0367955716372097 3.766561703047632
235 0 -5.173776426079513 2.4685205278752917
236 1 2.6235166840938238 -1.9682694919169368
237 0 -3.3880458785071386 5.6858243621518
238 1 -3.8424565099975005 -1.853932123723986
239 0 4.243272507555265 4.673374905790398
240 1 -4.662047312415413 -0.4923616778151807
241 1 -0.20898909945478827 2.75793162635121
242 1 2.8177652955667334 -3.8820073333312783
243 0 5.997702937403584 -3.6328863083911482
244 1 -2.3499173113290412 1.0927845700078826
245 1 2.6872967820159097 0.7100853852204265
246 0 4.485986140016617 4.007779726519582
247 0 -5.853946116680895 -2.1260455494229498
248 0 2.8422379401694258 -4.8278835906273105
249 1 -3.256241388204654 2.1256937293370903
250 1 -0.29008564971332707 2.5052446912925834
251 0 0.24097699962807706 -5.632067420091385
252 1 0.9878367966246637 -4.710329186774345
253 0 -5.748599168787234 -1.0606138366348947
254 1 1.0636680035038388 3.0388814351061217
255 0 1.6754669155648987 5.382483613546093
256 1 -0.11496109876469873 -3.775816956247406
257 0 -0.342512167748815 -5.182882809094721
258 1 2.632668744047683 -1.800085876437973
259 1 -4.472471694959103 0.30970743692067515
260 1 1.5204777115092583 2.7305233150889983
261 1 1.8254951381056683 4.2389517139021535
262 0 -2.8124094295026327 -5.837895520479373
263 0 3.8846120642780324 -3.206727933826655
264 1 2.58171902430432 0.6966148398871503
265 0 -5.936279428623987 -5.863738457853689
266 0 -5.387094237968919 5.58619966964968
267 0 -5.992029376917547 5.300013544677077
268 0 2.2980972939784223 -4.693155133904085
269 1 1.6735532936881228 0.24813349779064264
270 0 -4.308510281715675 5.6080536244437855
271 0 -5.485125715169302 2.410267793372853
272 1 -1.7493021380728466 -4.5566718602463645
273 0 -4.796979071089817 3.107814657028104
274 1 1.3806962476211542 0.6292687078995982
275 1 -2.809132471958508 3.9377593586003385
276 0 0.22787904463718078 -5.207108833779937
277 1 -3.566447505756057 -0.9169483594283463
278 0 -0.7035102800101658 -2.8464005241061314
279 0 4.87477703744741 3.7963716662382723
280 0 5.548740885729606 -4.673732471368073
281 0 5.854670032002314 1.2398759074889352
282 0 -5.97522437310694 -3.6130639839976846
283 1 1.6606812693233826 -2.6296860644130877
284 1 -2.0441861090230486 3.5011370541644506
285 1 -3.345382467220892 2.204717367312554
286 1 -2.680203237489725 0.07611503188564939
287 0 -5.705075708316407 1.60784305567089
288 0 3.6030672430022825 5.46682072776505
289 0 -4.752109944345203 1.6077798360885982
290 1 -0.8879713479652729 4.712485970987778
291 1 1.0870245485752044 -0.7736215136287985
292 0 -2.410156265474207 -1.3391505939707367
293 0 5.806245956179401 2.3679630099606186
294 0 5.33550862106549 -4.373418802697923
295 1 1.9759870384132636 -0.9233467180065462
296 0 2.482461713041465 1.794410690103562
297 0 3.7938090271964207 4.937410504209147
298 1 -1.4412731545677913 0.7254070645173627
299 0 -5.766450392288396 -1.2093313961050889
300 0 4.659180486528523 4.323728140121034
301 1 0.5861912087916572 3.782700488596472
302 0 -5.5058425040625405 3.797052374572269
303 1 1.525928537542299 0.029436891754766492
304 1 3.279109512804279 0.8123129860421283
305 0 5.912003921571197 -4.57661377961081
306 1 -0.5014528828966558 3.0888786698607102
307 0 -3.7701990212880516 -4.7431667198244805
308 0 -5.944141957953798 -0.9017529455797257
309 0 -4.970464793761979 -5.2477336557163135
310 0 5.581139678615633 -4.18523730031098
311 1 0.831443039811532 0.14496859108541482
312 1 3.4549890114465143 0.663529289603515
313 1 1.1797916323762454 -4.572996694247838
314 0 2.3249642788705653 4.996083958038891
315 1 -0.4814975112657489 0.8833169636017857
316 1 4.339091567106763 -1.6908349472364446
317 0 -0.8400386343514423 -5.571087809994195
318 1 3.43426199358073 2.976273592119238
319 1 3.6095831888115715 0.5861559415940079
320 0 -5.74369580473982 -4.772198209348869
321 1 -4.32305065362054 -2.032844390889476
322 0 -2.1560845618700206 5.3616860513342655
323 0 -5.7027713035290155 3.972373367944538
324 0 5.952855252122246 -4.797198750910523
325 1 -0.7757584040981156 3.545478321315775
326 0 1.4536839055245991 -4.826278062251367
327 0 2.542445410719864 -5.355197431755176
328 1 3.8628469008944286 2.4063434738143528
329 0 3.2969713703099828 5.930796998649145
330 0 -5.82898181819645 -1.894753497554536
331 0 5.529750345872134 -5.218542377414179
332 1 -2.339439619645661 0.695848807315592
333 1 1.9904567797180786 -1.1894452364161765
334 1 -3.1497223441638034 -2.7443267848984054
335 0 2.438268192187971 5.391358800517706
336 1 -3.9728866096252125 -1.5112484999120923
337 1 -2.449296283477517 -2.360496942964007
338 0 0.931081080520185 -5.096672642007187
339 1 3.199092607273899 2.2642011177441663
340 1 -2.5541674453640475 0.5790753833050557
341 0 5.482446829267756 -2.664120662454409
342 1 0.9628544503615215 3.2985573521688227
343 0 -4.2311987698413525 3.07544677801339
344 1 -3.3616706803007164 -2.708451553886982
345 1 4.479833134822844 -0.6662525357727596
346 0 1.7465315349539274 -1.8617209605270233
347 1 -3.9822945837261563 0.6735981534056865
348 0 5.588811335763367 1.4415105668188977
349 0 4.647397814822231 3.1808393898976792
350 1 -3.5847988108696147 -0.15422247699150482
351 0 -4.579806791766371 -5.697716528513926
352 1 -3.597721341498526 2.083839235015624
353 0 -2.884797198028566 -5.279064428240904
354 1 -3.681164490305327 2.2256057509574028
355 1 -4.389916343060548 -2.2015065485023917
356 0 3.006439841188996 5.976273453097207
357 1 -1.2406786544872244 -4.719810638367439
358 1 -0.07911645252986244 1.8845241229970782
359 0 4.617177867592559 2.4237311419943666
360 1 -1.2358359986683993 2.4528184728140836
361 0 4.894781490127539 2.508609717786534
362 1 4.027752451001708 -0.19849202194771998
363 1 -2.7413868549026232 1.2905443174895312
364 0 5.2519571275747445 -2.337735567683652
365 1 -0.4953253366379684 3.809439163417995
366 1 -2.161993327402149 -3.6425880981485528
367 0 -5.804966535871564 1.7136405037021447
368 1 -2.142324829749537 -0.3097822528365395
369 1 2.554707632386876 3.965716141451516
370 0 -5.543463821579305 5.478529256258909
371 1 0.37793133997569406 3.624822286747367
372 0 -1.4607861947384073 1.894345604717138
373 0 5.799298380601863 -5.634881815955929
374 0 -5.491631434902681 -3.2671080798325622
375 1 -3.3381116338800467 -0.07265693205358481
376 1 3.5769482370719707 0.6119276422258348
377 0 -5.453871432448901 -3.624206400722462
378 1 3.263170408907518 -1.0429664891533648
379 0 -2.1928776330002067 5.751242880429823
380 1 0.6712522657032807 2.8992372858278834
381 1 -4.195802917543556 0.6994010900309817
382 0 -4.73886366901201 5.790886664170953
383 1 -0.10840337351430662 2.61071400255031
384 1 3.5983852269877303 -2.268835435870926
385 0 -4.3387579036277835 -3.672110428797632
386 1 4.35071099740914 1.035327858247415
387 0 3.658541382650867 5.980258525191234
388 0 -4.470013418760138 4.087690898405734
389 0 5.036855769255286 5.529197681341209
390 0 -5.49054613529373 0.17376409307457408
391 0 -5.176837982953388 -3.253108803307272
392 1 1.0911207064028297 2.6686982243788364
393 0 -5.763700287315555 -5.50950167887178
394 1 1.5397659644869464 3.2374682481340162
395 0 2.6438311918426027 5.748131028009874
396 0 1.0578920458940608 -5.588795515773246
397 1 2.8841663595791047 3.852182341491707
398 0 -4.81488135851334 2.9832720699549338
399 0 4.984891786221606 -4.24099516618732
400 0 -2.3367958812325313 5.316747127233349
401 0 1.8820601634238 -4.722056234747276
402 1 2.213982558288812 -0.9920022952488505
403 1 1.0765418159150784 4.578807240869947
404 0 -3.8205312642517404 -4.653308210060538
405 1 0.0783801914714859 1.5535347241098263
406 0 5.869061246757489 1.9542777426854379
407 0 -2.3096155293754563 4.508307242819075
408 1 -2.7152084473384295 -0.4548296444706015
409 1 2.0761216060180807 3.621790404716334
410 1 0.23981987943971728 -0.5783157829862322
411 0 3.5874379680981594 -5.064086185490105
412 0 -3.16835537710116 -4.162837237971326
413 1 2.0602782913302438 -0.35614461196750824
414 0 3.1576827630575153 4.442186142085783
415 1 1.1542133613509238 -0.8542827580758843
416 1 -1.1943634764703912 2.344157617674359
417 0 4.214381660580047 3.252928161782256
418 0 5.112318079541765 3.8169267020863344
419 0 -5.468976344216765 -0.824905837897222
420 0 4.232268068907231 -5.60668918447964
421 0 -3.7352134684873697 3.635704540366053
422 0 5.795117735950267 -4.271297506909892
423 1 -4.041819533830552 2.354630403007425
424 1 -0.9571975623281563 2.741687586492178
425 0 4.19627851705426 -5.604654617625211
426 1 -1.0085602244426468 -3.2249405642437385
427 1 -2.4698294415437814 -1.7531506778425712
428 0 -4.1419115591810804 -3.5502686938352874
429 0 -3.5225830650442234 3.570316330415279
430 0 -4.613264236796232 -3.392652331946024
431 1 -2.5640454375186117 -3.9991010386636483
432 0 -4.683803254644498 -2.1396285784365334
433 0 -1.3400020023065693 -4.870530766973797
434 0 3.821065946181447 -5.034617813551193
435 1 -3.144329484784376 3.1431181373951897
436 0 -4.712387621813946 -5.891280005731382
437 1 1.394195887391514 -1.3887218970921786
438 1 -4.146894904144796 -2.2477218781675785
439 1 -3.5098471911915783 3.461620644293296
440 1 -4.013452646444934 1.9915190243286833
441 1 2.407600135686515 4.1017888728610234
442 1 1.4625886967323805 0.34489814039337663
443 0 -3.8615885407287824 -3.945935422138098
444 0 -5.110505785043711 4.133645909024812
445 0 5.751894447172427 -5.128799201428736
446 1 -1.5768129606770955 -3.3686473775631893
447 1 4.080200372823336 1.9389317787580067
448 0 1.5330685939557531 4.859787834940098
449 1 4.038566167430373 -2.6633971403853347
450 0 5.618452693086105 -3.2856443898959236
451 0 0.030112763637656137 -5.659644789239099
452 0 2.456786333000041 1.4756198757396515
453 1 3.8911976364387435 1.2929021686302118
454 0 1.2751428747184974 5.869056904282244
455 0 -4.175435699466936 3.4087033736058494
456 1 4.498108343272065 0.6679515032688883
457 1 -2.235659351732196 0.14890178429807754
458 1 4.131924167793866 -2.214418113995329
459 0 4.909113084342758 -3.7516691828841267
460 0 -3.896693765242918 -3.5764028589095616
461 1 -0.11341134247280671 1.3162375817654564
462 0 -4.655137429501018 -2.1429368966920235
463 0 5.161516346924364 -3.824788054225891
464 0 5.358685032888021 -4.402221701570782
465 1 -0.23110323407682642 -0.5449215932342071
466 1 -0.5500167798192228 4.38253755492755
467 1 4.441197483533063 1.2980590281213527
468 1 -1.0423827386068218 0.27389139508617255
469 1 1.20221308777728 -3.299980863874055
470 0 -4.7419895129609895 -4.997632937336196
471 0 -4.30908283005528 4.3519926951930366
472 1 3.8007082443586953 1.286167681562306
473 1 -4.6469818811560994 0.7009203185505584
474 0 -5.684143976590901 2.626546983257093
475 1 0.14818974786717654 -0.5037484429343646
476 0 5.074971487589824 1.4044225276934998
477 0 -5.17996347073383 0.009938280019461843
478 0 -1.7288693854081902 -2.2232067359942906
479 0 -2.7750073550791745 -4.4428485291794235
480 0 -3.7664380040039713 -5.8890240693156075
481 0 -4.890621837036327 4.115053345529823
482 0 -5.490124701142102 -4.589448710927238
483 0 -4.223535848666856 3.8878811280323458
484 0 1.7327656914068168 -5.275446215692844
485 1 -4.076880958360859 2.7553365964242325
486 0 -5.925559023487608 -5.888586593928875
487 0 1.7315835295873487 2.5715981555249243
488 0 -4.483589696032759 4.52184744480757
489 1 -2.427324629332544 -3.2757867384473056
490 0 3.370622215536283 -4.004104635364335
491 0 -4.182167906325686 -4.055124179640414
492 0 5.297271500207319 -5.092671923218987
493 0 -5.942551377105934 0.6451928844729187
494 1 2.3773965084827946 -3.88400511042613
495 0 -2.4243568301168406 2.5108051674094867
496 0 -1.4929372504624894 -1.6907219081603984
497 0 -3.9216811652569485 4.50239531803582
498 1 -1.0267335217236697 3.4953786267899254
499 1 1.7263684406711608 0.02127756839934314
500 0 0.27787187990490914 -2.9937529629938573
501 1 0.9274081745157847 -3.9638626131111616
502 0 -0.8781658186735104 -2.7826888210495313
503 0 -5.697218072546207 -2.741396519922292
504 1 -0.3015395914318919 4.848609833223382
505 1 -1.937826086758288 0.9299542567814694
506 0 -2.784135809946959 -5.257329973885251
507 0 0.8586023450032112 5.802665018054645
508 1 3.3493319282322656 3.661529822494053
509 0 5.746283772276673 -1.245785280056154
510 1 -1.0817106011119346 2.6700010501190636
511 1 2.241400411719468 -2.5490954057091426
512 0 5.697293070125479 -5.408576891117297
513 0 3.0938892922906867 -5.999115606802727
514 1 0.38803285076786764 -4.620574204354622
515 1 0.8179469301713986 2.0157248695226127
516 1 -1.2957393923379588 -4.272281590855419
517 1 -1.0958712305437759 0.22118771931203263
518 0 -5.673626467104957 -2.189955609759775
519 1 2.310655522357525 3.8362776668944214
520 1 4.207535997587591 0.8998839272893724
521 0 5.6185412559749 -2.456312131970233
522 1 -1.2550713489762995 -3.232864360095342
523 1 -2.4891498366287887 -3.0481127285209593
524 1 -0.31937129286845956 4.010115078674843
525 1 1.3258768202403832 0.5475470948818248
526 0 2.8793549045812785 5.603471375600799
527 0 -5.473650842803409 -3.7895483217740744
528 1 3.0574067183587736 0.43059577531334003
529 1 -3.230712704569264 -2.0889127221420103
530 0 -5.64874871878747 -0.7805373716774646
531 0 -2.013013002687036 5.874300995340326
532 0 -4.775765623634312 3.4541933393570545
533 0 -3.3926924396639 -4.620907800141216
534 1 -3.8867539465260466 -2.162311975247135
535 0 -5.449795738772629 -0.43326390408819293
536 1 0.8694026178786718 -3.3026720592880245
537 0 2.558952156488118 5.782370604159631
538 0 -5.9126278327065 -5.599112488618559
539 1 -3.020681195763597 -2.664775713492497
540 1 0.8303516667713344 3.4684316707120004
541 1 -1.0242702099013492 -0.9447192442030703
542 0 -5.034393792250334 0.5062434491096202
543 0 -5.8361351224524896 1.3461704768466962
544 0 5.683698219078385 4.314439524260536
545 0 0.8384658157777078 -2.4641970965454396
546 1 0.4665240518533169 -4.624941963892732
547 0 5.470947711722454 1.0206121250864344
548 1 1.8024040300031698 0.07089580941706419
549 0 -5.660919804338919 -4.634301623717141
550 0 -1.9241877137695829 1.655622536888412
551 1 0.37881266690878235 1.7416624028599212
552 0 1.3724101412197713 -5.185730187554695
553 0 3.6152810383190612 -5.396507242231332
554 1 -2.7962892157369206 3.4974447595311524
555 0 -5.8729711249632786 5.579135315346358
556 0 -5.503843532201319 0.36239235614282617
557 0 1.0159543666727586 -2.357413792155514
558 1 -0.09859157237307681 -4.426605252394253
559 1 -4.517439780817088 -0.44346742174450426
560 0 -5.1303129090137265 -5.934062186290047
561 0 3.320996028561309 5.6040662871644
562 0 5.93882288823556 2.947999006500172
563 0 -2.121417585663237 4.960705901485884
564 0 2.3558842209660646 -1.6041075500309443
565 1 2.568645420886636 0.19867129319035293
566 0 -1.1247300371265752 5.557126682543128
567 1 -1.9979112518978086 0.867804191503506
568 1 -2.6438544288093575 0.9801581177743417
569 0 3.848811145156878 5.086539630136334
570 1 3.6127045323287277 0.22039692464596694
571 1 1.0213092036727112 4.818753836875324
572 0 0.4131843379843154 -5.811886607401033
573 0 -0.13880294477000454 5.761908449291909
574 1 3.8600632131548167 0.574880392296377
575 1 2.0571305535074433 -0.9311100627760247
576 1 4.769199920751115 -0.97329088177902
577 1 1.4500987493097188 3.9958617126677147
578 0 5.771752809604742 -3.0498083770459954
579 1 -0.25472835818750283 -3.0727101735973026
580 0 5.885439712337822 4.144482445286446
581 1 -2.5624244104815883 0.019097651289209594
582 1 0.006449505637631248 -3.1854011751956297
583 0 5.886470327054255 0.8579693575494671
584 1 -1.606589399108211 4.711677636567858
585 1 1.5050113242140233 1.4734679292507025
586 0 -4.296162294896835 -2.8875141776760063
587 0 -5.162228364483661 -3.2821046647077403
588 1 4.520182706676577 -2.1087254934958666
589 1 -0.6016615931090552 -3.2744541972081165
590 1 -2.7198035064889075 -1.4330055849565841
591 0 5.953205283614857 -3.213482938036892
592 0 -1.6666387602754762 -4.790345797264553
593 0 -2.4169218258426115 -1.5367826418111736
594 1 0.20086457781657963 3.3263127408412867
595 0 -4.581166455169605 -3.19658225976504
596 0 -1.4203281552488898 5.367702981998891
597 0 3.736552847561841 3.7874110372399414
598 1 -0.060340567063715156 -3.765460857759321
599 1 2.8631066549152937 0.3190111199740544
600 0 -5.620734686155133 0.8210285143945928
601 0 -5.721160479493659 0.3732452516235476
602 1 1.0498622967806792 3.2712497235936304
603 0 -1.1166431967409274 -5.465884474216554
604 1 -3.4178090490941133 -1.9305790315856566
605 0 -1.7711145598874145 4.730070183515663
606 0 -5.263853567704286 -0.4468652463679046
607 0 5.405832432453407 -5.578711550074252
608 0 -1.6936610544864559 4.9065186146736615
609 0 -4.83946485369574 1.883267542801728
610 1 2.198302203030405 3.854851211389331
611 1 2.628924282660355 0.7148464094374098
612 1 1.2056525188845626 -1.421733515150013
613 1 0.919140928362296 -0.8811432035856672
614 0 -5.054371676286475 2.9838686517976747
615 0 -5.683328019439786 5.425317496768825
616 0 -5.7956418946485835 -1.4642823122054809
617 1 -4.068145664238971 -0.47283901614599255
618 0 -5.704625663642105 1.437265011311733
619 1 -1.1650986632172842 0.7022771691869378
620 1 0.13443776207564895 3.526900597185122
621 0 2.9041116486855145 4.765750461383346
622 0 2.3353308409965816 -5.480751882693646
623 1 2.042867297323319 -0.34003120554061184
624 1 -3.701147838162392 1.946090811437406
625 1 3.0982016387265343 1.6059013578626828
626 1 -4.1486666681039575 -2.2545478166196014
627 1 2.79731164616158 2.036218810264007
628 0 5.478858670307133 0.3792698173037339
629 1 -2.5973074187687537 -2.5662287520407494
630 0 4.823083591551811 4.30077760856023
631 0 5.268940278565182 -3.331518369206279
632 1 -3.705573635790612 1.2483232003141165
633 0 4.435216991991478 5.920862649872964
634 0 4.007216033449232 -4.55535127000798
635 0 -3.8632093649313792 5.675203407362568
636 1 4.543130850299423 0.08026612697784685
637 0 -1.7614347952943943 5.796802426702065
638 1 -1.724961869545207 3.0855573337087883
639 0 -0.35121414053722155 -5.82401014833515
640 1 -3.03051376701804 -2.2197050746241183
641 0 -4.924290286815156 -0.9466708933430308
642 0 -0.5473644228007437 5.715280760869419
643 0 4.591031684786957 -5.037520052039057
644 1 -1.609294255716792 2.920082707783976
645 0 2.6257885324505015 5.314073354532194
646 0 -2.1251147239553774 -1.851049858921625
647 1 -4.760961352008305 0.22918727198236333
648 0 -5.2578626013204826 -0.6036668362882942
649 1 3.4060402901065476 2.579188787034308
650 1 3.5106620079653528 3.279986644438644
651 0 2.5922870506029234 4.345995204504327
652 0 5.581395899033637 3.5581470688650416
653 1 4.142855952042128 -0.5347633264271439
654 1 4.463620753801756 -0.6206142372666541
655 0 5.949960040936784 3.8069830084861422
656 1 3.762980179812743 -0.016327767119515002
657 0 4.157113967746376 -5.301883171479464
658 1 1.9295827236184886 3.1755961315062002
659 0 -1.085678021780807 -5.077524074971443
660 1 3.5430337466902433 -1.3225629265545749
661 0 0.4925471946595801 -2.3912771305843172
662 0 5.568244685206732 1.9433847860823779
663 0 5.9645561304612045 -3.3539330614104776
664 0 5.137221269654187 1.8241543160233693
665 0 -2.1855258324097524 1.370100028366096
666 0 1.879261196518577 -1.5139131688894558
667 1 0.09925650055435575 3.4495977501707564
668 0 3.51634400634134 3.9171648637797425
669 1 0.9609631701860497 2.3231008895472414
670 1 -2.5398163934599856 -2.5036616564880965
671 1 -3.559720511164827 0.8405625371132119
672 1 -0.7874129853433196 0.904759339930715
673 0 -5.928734955803163 -0.7844097073073941
674 0 3.311501302576316 -5.086258053581638
675 1 2.860829292185004 1.0584213249460248
676 1 -4.364491978828276 2.2354927244529605
677 0 0.5502436229567778 5.269148514594466
678 0 -4.150593967472163 -3.0601174811405945
679 1 -3.2087774705149887 -0.12929400826874993
680 1 3.642543538951898 -0.3396831614924176
681 1 0.38360812887801643 3.889257312758346
682 1 1.3089517924286014 -3.782705101952552
683 0 5.356986106892625 -0.38134206938237103
684 1 -0.8088402831856234 1.9176483526892607
685 1 4.032210993272534 1.7541723071799264
686 0 4.8538203144107985 -2.5557573439081875
687 0 -2.2896980666651294 -4.503117746287636
688 0 5.1216297099639725 -4.389540630284343
689 1 4.851449589866837 -0.6075698644670746
690 1 0.45148026780998496 -3.619119027013208
691 1 -3.1395507872295605 0.12480733078833772
692 0 4.55666889959609 -4.130849081118992
693 1 -2.716340276399726 -3.4714722890667646
694 1 -4.649844507607939 0.4907419494803493
695 1 4.581921147267407 -1.5700656587253636
696 1 -4.347301850664293 1.788835173490022
697 1 3.0441610695574983 2.282535378227738
698 0 -2.3316554472398545 2.3314978467164895
699 1 4.2957429480134515 -0.5603513714789097
700 0 -5.9393775599389524 -3.7643578000037277
701 0 -2.8019443350129434 5.564986285452557
702 0 -4.166308374601378 4.8193328341280885
703 1 2.441165080301122 -1.9763590822853443
704 1 0.618839529134112 -4.52379888988207
705 1 -3.1874045699451243 1.1131149425153204
706 1 2.4177158928071325 -0.8656898402317523
707 0 -1.723789169735749 -5.787024491258855
708 0 -4.537449892210407 5.181317416761525
709 1 -2.378777374008744 -4.0201327291419755
710 1 2.4180714254985336 4.1559786969190515
711 0 5.022319540752722 -2.6230066294273153
712 0 -2.5172802580929288 5.6354816250521935
713 1 -1.3369294845559727 -0.6278605084802118
714 0 3.8046838055305514 5.171295735061273
715 0 -2.291404979851171 -5.164954697771785
716 0 -2.7045346770234753 4.336870747698251
717 1 -2.029958850110319 3.9036314105891012
718 1 -1.8831968109229589 3.6125043339092002
719 1 0.9414185779552504 -1.2346561080472007
720 0 4.914992129778728 3.1313026460934736
721 0 5.634988467747016 5.309227447049675
722 0 0.9129211900854486 -2.5892072539141346
723 1 1.3291870774490313 2.341056511256715
724 0 5.22959495327957 -2.01687438248776
725 1 3.4840842314600664 1.7816202965870334
726 0 4.938555626752601 -1.5738096730312545
727 0 -4.602572626890703 -3.0264425312977354
728 0 -4.393346707364706 -5.6974779745038
729 0 -3.960856054577294 3.2252666766450435
730 0 5.058570573745984 -5.906277415131081
731 0 0.7757665717183055 -2.1836365300733442
732 0 -0.05884407388351853 5.8771860821714945
733 1 4.222726141059873 1.9163459775125133
734 1 3.114435709753595 -0.08493900003531252
735 1 0.8138478559676301 -4.325937674558044
736 1 -1.8460335284584097 -2.477852974962678
737 0 5.507539421957961 -4.368087720100709
738 0 -5.59068115548221 1.974012608011745
739 0 4.509182092921192 -4.595362810187617
740 1 0.1021187242880428 1.298308605564289
741 0 -5.3305102499897625 4.86000887939603
742 1 -1.7875836075305624 3.6071699563893596
743 0 -4.876071585731314 -2.6315209131103954
744 0 -0.5698205427756253 5.657226899251409
745 1 -1.0155923977047312 2.266789288638165
746 0 0.04436766217819432 -5.691146693002617
747 0 -5.0100779630268795 -0.29743159845272427
748 0 -2.5808753663130153 5.300244851690387
749 1 3.762540209010929 2.36880454038919
750 0 3.343011168339375 4.218693531401872
751 0 3.940674630043027 -5.2964512933947345
752 1 -4.623689694637148 1.2401711406744003
753 0 -2.2181819586542635 -5.157917185621146
754 0 1.3414001779215257 -2.3996175405944964
755 0 2.3702128064261228 1.6093536590693311
756 0 -4.223951323799625 -4.9717695032469305
757 1 -0.08431675292520602 2.289135286005301
758 1 -4.207485664119346 1.2139270026004079
759 0 -2.3735126071678714 2.126549149367433
760 1 4.001746510120517 -2.684770703854925
761 1 -0.26141232185069185 -0.648328072795672
762 1 -2.891772992694669 -1.293841408571815
763 1 3.2863555822718915 -1.1323932645208359
764 1 -1.0293473988493016 -1.6770220942523864
765 1 4.062103089691497 -2.200987067640566
766 1 3.408996556838929 -1.0639514022040277
767 1 -4.934904174966565 0.606947017619329
768 1 4.70536001960123 -1.4057603335679865
769 1 -0.9058823051955631 4.339652678329919
770 0 4.068350711506451 -3.0248732609560176
771 0 -5.335724242387634 2.170321449733649
772 0 4.129124543502996 3.525014996311839
773 1 3.626255050516633 -2.701867269428863
774 0 -1.2057546403637804 -5.07843035727462
775 0 -3.0181765423674096 5.9742957962801775
776 1 0.8452402825431253 1.3304726824972342
777 1 -2.731250368070945 2.515092575654924
778 1 -1.8415898921025766 -3.829927201010171
779 1 3.90338627465462 -2.714482666214505
780 0 -5.264391810014583 0.8715959600969985
781 1 -1.9854674560113423 -0.5006532769948526
782 1 -4.031947330673296 -1.4491709465233091
783 0 -4.045811447795534 3.022872432081238
784 0 5.625495047342062 -4.506472694280708
785 0 -4.053949522969699 -3.6651057089135173
786 1 -2.178345072924312 4.106017205255927
787 1 0.7930613767577395 0.9100609109473163
788 1 -3.0770367466971593 -3.868412519092695
789 0 1.4571322482175706 5.5785849520764295
790 0 -4.065381440489784 -4.883194319066014
791 0 4.059437700177785 4.726411824809489
792 1 3.710395105809761 -2.255153745657971
793 1 -0.28151591378286334 -3.92313287563838
794 1 -0.8008221179940804 -3.075453286721784
795 1 -3.1250395290730903 2.8115544310133966
796 1 -4.903994421974698 0.7951422513603958
797 1 -1.7688466183481308 -3.113460971233207
798 1 2.638224333254305 3.208330343651845
799 1 0.9327712969179078 1.222415711432502
800 1 3.544034704656047 1.827083219725937
801 1 -3.4809601189569603 2.399865175522333
802 1 -0.7883703431877125 1.933785186976957
803 1 -1.0005094202162468 0.5112122414428875
804 0 3.1528035457505545 -5.193251520105434
805 0 4.760331002049771 -2.6691677936439704
806 1 -3.981320945009157 -1.5019135594376927
807 1 -3.2418056664758246 -1.2279931928213506
808 0 -5.624489665082715 -4.018702471536956
809 1 0.6169232298458365 3.762524151407936
810 0 5.609928596419103 3.9428482268721723
811 0 -0.280752923480879 5.247522462790171
812 0 3.029896908073889 -5.925146802639476
813 0 5.682225095761197 -1.58703829163235
814 1 2.7681487996630807 -3.6039259928376364
815 0 5.638932311391237 5.8450188418337845
816 0 -5.4415381634497955 -5.665635310522732
817 1 -4.233027927936124 -0.6910102153320228
818 1 1.5350069183540285 3.2947970904193866
819 1 2.824912320310304 2.8545754070076157
820 0 -1.6360747067470083 -5.265630634757498
821 0 5.0428024473328765 0.804862258736291
822 0 -0.6944481522081922 -5.976454264831414
823 0 4.822094037600898 -1.7818850265813477
824 0 -1.7871151682066397 1.8269422569198994
825 0 0.014835741432161598 5.078782045418011
826 1 2.1891548804113565 3.2203337291715908
827 1 2.1834375776078705 -4.075762255434142
828 0 5.755972685664796 -3.725113609866059
829 0 -5.877830131392736 -3.145497929097567
830 1 4.6380618612504545 1.6281271665701027
831 0 1.3706919795202275 -2.128044420180341
832 0 4.574012328818066 4.758135144759855
833 1 -2.810718671444335 1.5196410209105995
834 0 -1.6030811963660963 -4.855435776078091
835 1 -2.479429280798218 -2.2039752851331893
836 0 5.839467856001896 -2.4464792717712536
837 0 -5.901752536443169 -3.9019612410706905
838 1 -4.7882846433534745 -0.9522357955953744
839 1 -2.3284129133533087 -2.3343242385073593
840 0 0.7488219121582844 5.9991737642257945
841 0 3.185507643988913 5.446988488627307
842 0 -5.09034884256733 4.743562041049701
843 0 0.5100701143468278 -2.8370682905973736
844 1 2.6062228835772725 -1.7503276185340706
845 1 3.7283561520174686 2.570879698222578
846 1 -4.95743651865539 -0.34419359147120865
847 0 5.30019726990108 -2.853857744471029
848 0 -4.908888842155435 3.38562436109299
849 0 3.73652448361935 3.4564244244036004
850 0 -0.028402114909912513 -2.6545029997073346
851 1 -0.7547155333128757 -0.9745381825741166
852 0 4.324596958099281 3.6420539787257624
853 0 -5.676116502819681 -2.262420487309409
854 0 -1.3844422079335281 -2.537699965645287
855 0 2.8636645375470007 4.279995383751725
856 1 0.5288536042667147 2.3684499086069994
857 1 -1.841317773555641 0.19025157481901545
858 1 2.676368319991152 -1.4362207546501153
859 1 -2.2091442860600643 3.284131965243809
860 1 -2.5464286887244714 -3.7547478908004868
861 1 -0.4694024556994556 -3.295018155141258
862 1 3.0696994530843433 -3.291870570806377
863 0 4.01398118368221 -3.750662956363738
864 0 5.045845426047261 -2.8486293834643703
865 0 -2.4690089000149595 5.128242943218851
866 1 0.31328549377487747 3.898340084758047
867 1 -0.07471123903843502 -3.1570772973051486
868 1 -3.6220860007264197 -3.074978480020977
869 0 -0.8747182985271813 -5.83461714450501
870 0 4.217072119106872 3.3806770395690293
871 1 -2.0235409100756567 -3.217031479029967
872 1 2.6348969729394085 3.918223589929326
873 0 -5.551383467656251 0.9648152022835736
874 1 -1.582993173356507 0.4975950673074383
875 0 5.656713860824894 -5.445283194349727
876 1 -3.1612294666413 -3.4355137431703477
877 0 5.906130080374584 1.0694834459005467
878 1 -4.145524554291539 2.213028537019076
879 1 -0.853222889321783 2.5559603562598276
880 1 2.6154144804843895 2.476461616172376
881 1 -1.972199789415379 -0.4938026154506936
882 0 -4.1037241645046425 -4.958296606276198
883 0 -5.705728208844805 -0.8205929965577274
884 1 -3.2674369180924243 2.7292764906994424
885 0 -3.940310200461831 3.534372143590387
886 1 3.540420531640253 -1.5693200653910964
887 0 -2.100334723588783 -1.912948803508737
888 1 -2.0960825583131415 3.314538101640794
889 1 -4.738581246446316 0.499015928503475
890 0 3.9360044751227665 3.3849457290861373
891 0 2.3685775882090994 4.744183966098266
892 1 3.2556287643634025 -2.3961411026506516
893 0 -4.806385486873271 3.8897840354482263
894 1 -4.293925431441199 -1.4714746419624358
895 0 -5.425165356034578 -3.7061822773178963
896 0 1.777697654271977 -5.791887038322094
897 1 1.5995093085394654 -4.494937429013353
898 1 -1.9593438904734342 -1.0940210353879039
899 0 5.685173443530733 -0.6599797309271107
900 1 3.81668875856629 2.6907432666987834
901 1 3.3521912673222225 0.23536413317551919
902 0 2.546224885816354 -4.870739951059189
903 1 -3.095473199717573 -3.5901086815418304
904 0 5.567611224101329 0.22756591691485362
905 0 -2.7733433988254816 -4.7187888889388425
906 0 -4.742948773684423 -5.317122568754016
907 0 -5.901610312967112 -3.342233514620356
908 1 0.9210093975139753 -3.4421223989747123
909 0 -2.368842872388168 2.231668679102775
910 1 -1.6723800761783885 4.095360796177291
911 1 -4.053259310717392 -1.8538884186109845
912 1 3.314229565372898 3.33339919940148
913 0 -0.25174193456439387 5.342696658964655
914 1 -4.85200887015702 -1.1454925574354196
915 1 -2.4614487943053955 -2.293630251972152
916 0 -3.6495724912943217 -4.263273013889048
917 0 3.3459750186814503 5.7096442478470895
918 0 -5.978166062633649 3.9590083823458713
919 0 -0.3525216006623637 5.042321863690377
920 0 -1.487791980341962 -4.978729102637135
921 1 -3.40653576516099 1.518422526685553
922 0 -3.0188353493543003 -4.924044886664124
923 1 -1.506061206417849 -0.4718728662892673
924 1 -0.937996717765909 3.636181743052912
925 1 -1.980545513956831 3.703154048041844
926 1 2.070055707792939 1.2604425074831784
927 1 0.40113527405589977 3.092965505128957
928 1 -1.1826053169637216 -3.4894741065368704
929 0 -2.093668392928671 -1.3130028848024509
930 1 -3.0054990306859084 -3.2703575014957345
931 1 2.778016282133393 -1.8881417361869612
932 0 -3.8442218985909276 -5.303324151867676
933 0 2.322107663129229 1.6980106172551217
934 0 -1.971746658450071 2.1565882914668375
935 0 -5.764673984170764 3.7961464217413834
936 0 -2.675206047286662 -4.375786627948228
937 0 4.687572567586718 -2.3208071801923302
938 0 -1.2577940785585415 4.849572614381364
939 0 5.948792066341149 5.428925378128227
940 0 -1.8905054683091755 5.750920487736323
941 0 0.8840821378747012 -2.4701837721458353
942 1 2.0581887027957873 2.9014636214844067
943 1 -0.7666821588573836 -3.5013094682662564
944 1 0.42065468531460226 -3.5986878611894726
945 1 1.324015231893517 -4.536804150961249
946 0 5.478379084454007 -1.2701488075040297
947 0 4.337714434516801 3.6519950174455946
948 0 -5.518139735590468 3.0308774462008774
949 0 -0.41416839076790346 -5.2130148519551645
950 1 -1.9898687667675752 -4.0763373956948055
951 0 -5.203094982374849 -2.4297746465476067
952 1 2.2935466329855903 0.23503729028828602
953 0 -3.9208205558892653 -3.3643944042133285
954 1 -0.6283158885014597 -1.3063714545198417
955 1 0.4808889694345879 2.113680981767164
956 1 -3.688202852740224 -0.963808422753627
957 1 1.9614863986320925 0.30191675991598466
958 1 -0.2751084368161161 -4.138702882072275
959 0 5.35794734025831 -2.437765587744401
960 0 4.535286118565191 3.888926693393074
961 1 0.6806333036990591 -3.179837255574371
962 1 -3.461023498707817 0.009740378972034947
963 0 -0.09286600413141244 -5.366161228800037
964 1 -1.012935574966174 4.889037587440267
965 0 -2.4490543120967128 -5.019732748883535
966 1 3.1534361666758706 0.48990621184612415
967 1 0.9988791801500856 4.591238724308525
968 1 2.9811901568166075 3.7446814181855466
969 1 1.5812328054073417 -1.218819441729723
970 0 3.283815708944701 4.150663762959891
971 1 1.3510092542310046 -0.6042372141671306
972 0 -5.23562737799111 -0.7465770136829626
973 1 2.1063911792346843 -3.7439043386751005
974 1 4.112265147125168 -2.6362438441500893
975 1 -4.51213310007226 -1.8289996414077905
976 0 1.2111934442370735 -2.2081181275146666
977 0 -2.102569707148457 2.0303175420247523
978 0 -0.7263180823819493 -2.28934244550556
979 1 2.0467910758044923 -0.43400962476252314
980 0 -3.7450817362410467 -4.173144737243378
981 1 -0.09161351143874708 0.20058731185854572
982 1 -1.9945991412635653 0.19476772822333643
983 1 3.9787011724684866 -1.471292019036131
984 0 -4.979968448191608 -2.1353468716357007
985 1 -3.162531442092732 -1.4884508242474945
986 0 -5.598514466153219 -5.5365267596651595
987 1 -1.025440593066632 4.187107545148006
988 1 2.481428658356931 0.5424143659801111
989 1 0.4872410234929454 -4.294121972854221
990 1 -3.9010163417168857 2.6477105630028888
991 1 -0.5125306670514753 -4.408056533849615
992 0 -2.7075805189484243 5.426983464860474
993 0 -4.907163379534399 5.4084698260557005
994 0 -4.556914331113368 -3.8918811661405743
995 0 0.6976560824559925 -5.083872302913495
996 0 -5.657983428851132 -5.285376551877887
997 1 -1.3743644806037985 -3.098993809086763
998 1 -4.561153132424915 -1.8043275945687505
999 0 5.193674189786666 -2.2999387864052094
1000 1 -2.7251711471993523 1.6994243694561149
1001 1 -2.771697308553779 2.123625823604592
1002 1 -2.60972267548112 1.4144042976049278
1003 1 -1.7678919011255623 2.682814473500418
1004 1 -1.265384980650719 1.4962244969601253
1005 0 -1.6417000076650297 2.321038210641481
1006 1 -1.0431692569774822 1.8950192912443657
1007 0 -1.784590373479065 1.6844826164092253
1008 1 -2.8430271265194813 2.2514218130385175
1009 1 -2.8897509488332744 1.0378021365275274
1010 1 -2.466712761220987 1.0282243875611927
1011 1 -2.5158783305150845 2.907916396966144
1012 1 -1.2645800630460151 1.8532166773836423
1013 1 -2.8975431920355206 2.781210353157009
1014 1 -1.4027625067510108 2.9223408837663913
1015 0 -1.640406519548145 1.533453886432022
1016 1 -2.1889163907728433 2.80560311917501
1017 1 -1.3266963502257878 1.0836212023066027
1018 0 -1.6702850485674 1.5439128695167015
1019 1 -2.8118117446086535 2.1210238012383678
1020 0 -2.1035945525169075 1.944154519497323
1021 1 -1.7513998854346426 2.985640215595234
1022 0 -1.3571194058017868 1.8630754423631681
1023 0 -2.5439078036701623 1.8335634947590589
1024 1 -2.1379306543867562 1.207964186432953
1025 1 -1.4216315458584805 1.0194865304752705
1026 1 -1.791901152463661 2.673615270956498
1027 1 -1.4518941483109298 1.3511549585092413
1028 0 -1.610706697252207 2.473146726084443
1029 0 -2.0231890016150724 2.1125147031667604
1030 1 -2.8096635065660323 1.2711937691657693
1031 1 -1.5767613251017016 2.8873630568420063
1032 0 -2.3950868040393787 1.4739300366223278
1033 0 -2.3058989812152397 2.265295073418535
1034 1 -1.2375202242485872 1.6373447043630573
1035 1 -2.969250187500487 2.71147052415951
1036 0 -1.9547683063024974 2.648124016123984
1037 1 -2.0246953481251557 2.798515425390767
1038 0 -1.6427237626091362 2.4044234244115286
1039 0 -2.408093879190467 2.2340864577234143
1040 0 -2.335851300230826 2.0208763522692985
1041 0 -1.532003320374181 1.771455074720813
1042 1 -2.1965990469596073 1.2317403305210954
1043 0 -1.8695155092819173 2.2473860805243184
1044 1 -2.4316558854593233 2.864439664156641
1045 0 -1.5304532055414213 1.8267702464192657
1046 0 -1.9559035068144344 1.5253288283700557
1047 1 -1.2925579345414033 2.542725182261047
1048 0 -1.572518759032391 2.028881823219651
1049 0 -2.134202020687405 1.6515088719728466
1050 1 -2.528886625989419 2.4718025507687624
1051 1 -1.04167798756324 1.8824774329063185
1052 1 -1.4053929955983926 2.9249343170674673
1053 1 -2.6783474634467472 2.8332536585677293
1054 0 -2.1331368976563083 1.8704310409127145
1055 1 -1.726450645543866 2.9142764448944263
1056 0 -1.628986029243218 2.4299526592523133
1057 1 -1.235610840994822 1.2634111249038018
1058 0 -1.816003814824296 1.590568363285833
1059 1 -2.7993253317686304 2.638103531572541
1060 0 -1.8907128308295649 2.166141205575504
1061 1 -1.31749187193991 2.443219002502638
1062 1 -2.9439324657820762 1.9928798946720796
1063 1 -1.1462426626245776 1.5941140377215677
1064 1 -1.6661202808231026 2.6158868458452664
1065 0 -1.7278609855856 2.6015612178098566
1066 1 -2.3442235609916517 2.943945654710509
1067 0 -2.009550884596159 1.460952140319026
1068 1 -1.8925716848194514 2.708930883747694
1069 0 -1.7377534578964005 1.718602557374259
1070 0 -2.0346602087920784 1.7463919074546101
1071 1 -2.8415068199534748 1.9353141354382004
1072 0 -1.6825490049696636 1.840446320907005
1073 0 -1.6111132225360933 1.798224453072058
1074 1 -1.0642858331010678 1.2697748951324137
1075 1 -2.9389925597152424 2.49590124050642
1076 1 -2.855134709990968 1.123455957823314
1077 1 -2.992267031517959 2.685365806264998
1078 1 -1.2317061298105096 2.0015526156237096
1079 1 -2.3932877911730275 1.260409924421405
1080 0 -2.1062806815431223 1.6434488398539537
1081 1 -1.1970093963001367 1.379060860181522
1082 1 -2.7595167955482705 2.004300340999882
1083 1 -1.6973811223774087 1.1254730226358254
1084 0 -2.184346014711846 2.487261123308411
1085 1 -1.9951364732299575 2.8951443364601683
1086 1 -1.0557722081515701 2.4586940198599248
1087 1 -2.9149498249481827 1.8650914183159601
1088 1 -2.621494587604061 2.4852897039076973
1089 0 -1.6641148077740169 1.8448875745412188
1090 0 -1.828709728641978 1.8204773499335358
1091 0 -2.408696907895189 2.299800714406662
1092 0 -1.7691346540286845 1.727405131653806
1093 1 -2.8166621982558735 2.2563393154609117
1094 1 -1.1262415830213979 2.7608547574323836
1095 1 -2.495261372595007 1.0163255348932185
1096 0 -2.6065443081822925 2.1400076449577767
1097 1 -1.3989109489388514 2.4623142917032665
1098 1 -2.9131095411526777 1.8560554581505049
1099 1 -2.991050746576534 2.3048577175705045
1100 1 -1.9930627812413626 2.8410947653224445
1101 0 -1.824503826274537 2.0859724746167765
1102 0 -1.327210715410613 1.9052768929934787
1103 0 -1.777154528010871 1.657331989557556
1104 1 -2.9352941478941217 1.2205598969857778
1105 1 -1.476874107315136 1.1868909117670956
1106 1 -2.719832618241703 2.493872055035114
1107 1 -2.9237682495241053 2.7103967765616113
1108 0 -2.34791778104941 2.021566076388913
1109 1 -2.572457429150276 2.8332334850200516
1110 1 -2.4781828215426986 1.3409584265580365
1111 1 -2.4461087771204975 2.905639024240129
1112 1 -1.3951026886152769 1.2402534879151352
1113 1 -1.624982054340083 2.9233142588609367
1114 0 -1.5089335835598514 1.9366633338346464
1115 1 -1.645593909481253 1.2851828692223162
1116 1 -1.2174119880618794 2.2187272745094684
1117 0 -1.6647598622313637 1.3906350447462577
1118 1 -1.9549412841649234 2.7176024789960884
1119 1 -1.211671632474876 2.408303021745545
1120 0 -1.8544388374462741 1.6480854309435247
1121 0 -1.7490223898819186 2.235340048674627
1122 1 -2.8762444630830934 2.896753699363383
1123 1 -1.1560397625641783 2.5679828307497816
1124 0 -2.547605477096456 1.8262606554380576
1125 0 -2.1365540090764794 2.5097425770239132
1126 0 -2.1198733372840537 2.04143198763731
1127 1 -1.3057257055834997 2.5218806050622202
1128 1 -2.958529293683648 2.068407338255834
1129 1 -1.7703695561215838 1.1279645243729732
1130 1 -1.5325871955348198 1.2304046153455785
1131 0 -1.7372962719029263 2.5903242613930764
1132 0 -2.5963677250732866 1.9143521661581302
1133 1 -2.514786971234517 1.2398551660991919
1134 1 -2.348795601734477 2.634106671647598
1135 1 -1.1112745114219769 1.8747027815650261
1136 0 -2.1893290367358387 1.6921441486602016
1137 0 -2.4965728711900894 2.0389377218727773
1138 1 -2.741717296172632 2.378618507564247
1139 0 -2.1814066984185594 2.586136183456987
1140 0 -2.384811231764599 2.086903390215029
1141 0 -1.3144572893089468 2.1142556116032343
1142 1 -2.743433787123601 1.5532871299538964
1143 0 -1.8403402799756026 2.4557259490993406
1144 1 -1.1514513307717587 1.9251855484197737
1145 0 -2.4206366646664152 2.4707937783720655
1146 0 -1.6621719995060535 2.5419366066804896
1147 0 -1.7147806027093992 1.7629205603696791
1148 1 -2.178954018613035 2.8789425155416444
1149 0 -1.3235888609184134 1.9028966985544986
1150 0 -2.1906483660042486 1.65900723209289
1151 1 -1.151675941015788 2.919345862898874
1152 0 -1.6844746247412818 2.261937330808316
1153 0 -1.5077942598147434 1.9916136579743249
1154 1 -1.3043902382286545 2.756840507761517
1155 0 -2.066064820603784 1.488689256533333
1156 1 -1.2728502717132053 1.4518899313852287
1157 1 -1.173697645912095 2.8331535310013836
1158 1 -2.775837614299594 1.550575570781131
1159 0 -2.031720543618678 2.1854164881470384
1160 0 -2.015145554485339 1.3205408574083533
1161 1 -2.722971381886677 1.3932936490491097
1162 1 -2.755395784131763 1.5579958108051342
1163 1 -2.99583224247284 2.4024291332456427
1164 1 -2.432127128979065 1.3047383958051844
1165 1 -1.0650166293853247 2.4537017666345804
1166 1 -2.337982481678117 1.327853700296279
1167 0 2.5549396538801523 2.056878967055926
1168 1 1.2958320280956803 2.0578280216025027
1169 1 2.343746342642145 1.2774170162130687
1170 1 2.818710224928558 1.9332587473998408
1171 1 1.5512172802598385 2.5979080351177313
1172 1 1.1567633794038776 1.4042908391729083
1173 0 2.4310851803509363 1.8982004051435037
1174 1 2.346316293836696 1.1283687647082365
1175 1 2.8405178251273844 1.3074639789305837
1176 1 2.884332964090315 1.6489343910541543
1177 0 1.958744111517056 2.217672578422178
1178 1 2.4071977041586607 2.7181630094595035
1179 1 1.0591477023130156 2.108523625730839
1180 1 2.9851710409945875 1.9087041527146398
1181 0 1.8440129289822034 2.287227745434905
1182 0 1.6336852190139195 2.3521355140611986
1183 1 2.712358352467612 1.5387816606889835
1184 1 2.614301253903916 1.4774473328910303
1185 1 1.3528068104652147 1.0554214989962805
1186 0 2.30063795721958 1.755790465936038
1187 0 2.5047326117528197 2.3899033755581356
1188 0 2.0060196644401618 1.9768748074890647
1189 1 1.2684684096295318 2.6102982654288702
1190 0 2.214640691130565 1.8487281741303883
1191 1 2.734321015278902 1.1553142538465329
1192 1 1.0236272743429309 1.1880477610328568
1193 0 2.475986958927595 2.3785924062188712
1194 1 1.0131465553012209 1.1210420415655498
1195 1 1.1125670942673433 1.0337675688580117
1196 1 1.1126220093580543 2.9690984686357
1197 0 2.3214019151543965 2.553747479726518
1198 0 2.3288499553778625 2.1263087067919493
1199 0 1.4612970464099901 2.0994502244828412
1200 0 2.1056447113800534 1.8634233281010646
1201 0 1.5435639829665386 1.6927888713653687
1202 1 1.6094283496410293 2.745126715059169
1203 0 2.309368475348152 1.6243886287504365
1204 0 1.9675435449005512 1.6362127201421763
1205 1 1.0285470869833693 2.7552252951733793
1206 1 2.3280907475005224 2.6890088606351767
1207 1 1.9442625864747716 1.102026066143893
1208 1 2.9283805950136026 2.5243675999891497
1209 0 1.8006543374622355 1.6323289145244275
1210 0 1.8090502871869587 2.4827989824143426
1211 0 1.9874679269412607 2.1824638934087037
1212 0 1.459934493473314 1.7630682213165194
1213 1 2.8695198286724377 1.7923942174532839
1214 0 1.4224934185860394 2.059058050504821
1215 0 2.2760836167113 1.379227938676912
1216 0 2.4659878310554317 1.9987090483051344
1217 0 2.1281390408025365 1.9422820818352378
1218 1 1.2991569607754214 2.5728910054895433
1219 1 2.643791133323071 2.6588028252887774
1220 0 2.3143715809245995 1.8418541281597944
1221 1 2.9872490181470033 2.5041473889004084
1222 0 2.460219944450123 1.6259815555535955
1223 0 1.7305470296078853 2.272548382055617
1224 1 2.9947073621459532 1.1559932741222254
1225 0 1.5644028826268617 1.5103121048122796
1226 0 2.015638135124311 1.4231684030845175
1227 1 2.7657667845356513 2.3335245249371352
1228 0 1.8424558219894085 1.4636143805297697
1229 1 1.1759583089294745 2.0595209298694557
1230 1 1.3890533870189177 2.4729595187675857
1231 0 2.326649998885371 1.830241729935401
1232 1 1.768147458623532 1.324951006815491
1233 1 1.445785693955989 1.4999236692978424
1234 1 1.0945786259240076 1.5784949691153376
1235 1 2.6371922890092057 2.489649909831585
1236 0 1.8768334536066684 1.722600087544801
1237 0 1.5021401462773738 2.065732117409331
1238 1 1.6953034792406543 1.3377667456776718
1239 1 2.55576050651419 2.4573997513888823
1240 1 1.7832233054604176 2.768176983881017
1241 0 1.4314488994194212 2.04137126662763
1242 0 2.3957279637334237 1.8961257142437873
1243 0 1.5529157928020914 1.7554318601179917
1244 0 1.7394438155304615 2.6008134107098995
1245 1 1.4618071555078032 2.6385210316914653
1246 1 1.972707232767004 2.8817298088348755
1247 1 1.3891365236322861 1.4420010133190024
1248 0 2.38583510470017 1.4363114965356163
1249 1 1.797374439382244 2.9171862059726963
1250 1 1.137199181807992 1.7050550632784658
1251 1 1.2232565997125227 1.2873620839084101
1252 1 2.692609873392226 2.5825673129009745
1253 0 1.6377567064219847 2.184436549965289
1254 1 2.0191240572887503 2.7760662730653882
1255 1 1.1424449222837825 1.352030423555822
1256 1 1.2162255034091 1.057989739963253
1257 1 2.386498708604119 2.585340703900778
1258 0 1.9723241935152904 1.4169966409759411
1259 1 1.2474866568294325 2.13029467720627
1260 1 1.317837782037283 1.238027094416666
1261 0 2.1961746349048843 1.500317444404278
1262 1 1.2896059417536172 2.5568058688090014
1263 0 1.791453197640284 2.404645489240721
1264 1 2.691479268316259 2.164947147204754
1265 1 2.8630125322351336 2.0342791431075704
1266 1 1.290484277469475 1.5302504742424097
1267 0 2.3910216676155533 1.5744049242554312
1268 1 2.709299662757507 1.8364641727361561
1269 1 2.6176682466321073 1.2413298907684769
1270 0 2.3644315052590397 2.096104813153421
1271 1 1.3817485617015086 2.5827860775155522
1272 1 2.415319455075554 2.9966600855960825
1273 0 2.4955689292222454 2.137553836597614
1274 0 1.9870131035516725 1.713069050081169
1275 1 2.2443845389808326 2.786812053031309
1276 1 1.5135132223973982 2.5949438868931773
1277 0 2.0957481997233587 1.531562765177299
1278 1 2.6413667199231727 2.3359969520448347
1279 1 1.111200929538518 1.615872505350732
1280 0 1.4515998237809606 2.407295216583979
1281 1 2.6775945567999457 1.12006572058853
1282 1 1.2142582373627493 2.1193358597381877
1283 0 2.246960012209375 1.556546873142305
1284 1 2.788217764786933 2.8107263406453344
1285 1 1.0688625715936284 1.1846985506804244
1286 1 1.1415677933054418 1.9409107087070427
1287 0 2.123500458871729 1.4224124395901934
1288 1 1.2649540657692055 2.9688037164566756
1289 0 1.5576732404006586 1.5034001118004232
1290 1 2.610330361559138 1.1195688718956038
1291 1 2.96439329218008 1.2879434646283063
1292 1 2.562356417136918 1.5442917425826665
1293 1 2.854300875294647 1.1979113025158354
1294 0 1.7372335459316484 2.2840410335389736
1295 1 2.3583646654070196 2.68908909519427
1296 1 1.2192180245399789 1.2930809231065326
1297 0 1.9688373726948583 2.5126849614842492
1298 0 1.986122381890442 1.520794315403056
1299 1 2.498673700837654 1.017273183434094
1300 1 1.5343693182279312 1.3676079098082472
1301 1 1.3871282187388676 2.865281862040236
1302 1 1.0493818005072586 1.3669602170079138
1303 0 2.292215067500411 1.8577967827456112
1304 1 1.341985291936744 2.8379941537723816
1305 1 2.332661545791508 1.0282539100806602
1306 0 1.8346090003020123 1.8252073691187858
1307 0 2.220002172337659 2.4947018060268884
1308 1 2.953399251956859 2.4124163447917546
1309 1 2.836162380677296 1.9391136327100735
1310 1 2.1546100002560875 2.787435859045467
1311 0 1.850129826826832 1.7632532583373244
1312 1 1.0226645246172135 1.9896302681827576
1313 1 2.3314113351427492 2.6710912823438866
1314 0 2.5025706540046135 2.042665337914738
1315 0 1.838701983469547 1.638004190892293
1316 1 2.943754816359661 1.5716379082026735
1317 1 2.907847182092882 1.4942903319822702
1318 1 2.45677392418001 2.562681793517594
1319 1 2.952241155616333 2.7323401105144134
1320 1 2.704132921402429 2.776655914252518
1321 0 2.513957498287392 2.1554705877864864
1322 0 1.6639998903312532 2.3213816279939454
1323 1 2.5987761361564843 2.4141451045313618
1324 0 1.4955635134423395 2.0151129977059314
1325 0 1.4233872832262855 2.368546090308472
1326 0 1.896627377920854 2.432592184749815
1327 1 2.2642416285534788 1.2957671040129934
1328 0 2.553528336510489 1.6372277105372504
1329 1 2.495257690491189 2.8006766854112586
1330 1 2.9021388500986047 2.0649711656921106
1331 1 2.442185103363573 2.870600816773123
1332 1 2.743579170228995 2.1803343606324277
1333 1 2.5892234365299496 2.6895501588059716
1334 1 1.233854693176161 -2.9485115725002613
1335 0 0.024426776661425453 -2.4880932144098713
1336 1 -0.9149343732633413 -1.373498476056594
1337 0 1.7012026966998937 -2.0592001415581738
1338 0 -0.175971836809655 -2.822824662396396
1339 1 0.5108341782484733 -1.226193940788483
1340 0 -1.5457875717063079 -2.1663933865385525
1341 0 -1.1516870292448687 -2.2472604868124657
1342 1 0.6583850648711316 -1.7894888880095763
1343 0 0.411846754434976 -2.106576574705524
1344 0 -0.9216896002559642 -2.643964829087576
1345 1 -0.45907821323126896 -2.9966727526459795
1346 0 0.9418858728077755 -2.584080283854682
1347 0 1.9338917520193641 -2.155860819668936
1348 1 0.03467302973862729 -1.6364682714967238
1349 1 -1.9383742166923765 -2.226515327824806
1350 0 -0.14770950523555593 -2.4101656450565994
1351 1 -0.19954707094498847 -1.7457427539020838
1352 1 0.5349278581640684 -1.6686271426832315
1353 1 -0.9678210233495288 -1.2961681826957308
1354 1 -1.1804048997126886 -1.2293610072782108
1355 1 -0.4879077123910629 -2.97419742049419
1356 0 1.1140772944578927 -2.533846747562546
1357 0 -0.36907326742691415 -2.5353246370638445
1358 1 0.8258833391072633 -2.990078796861839
1359 0 -1.8847249786172995 -1.7251619315666378
1360 1 -0.436335007478756 -1.2776679989662192
1361 0 1.6870261575816086 -1.5442093565513528
1362 1 1.606763934170298 -1.3492234335676963
1363 1 -1.697483636132732 -2.4915467763484624
1364 1 -0.40778392331913205 -1.2790602284871335
1365 1 -0.1635499070931381 -1.5355681346253784
1366 1 1.7631856042200247 -2.664468838371218
1367 0 -0.12382941068310682 -2.685971856409157
1368 1 0.859520085979836 -1.804108010727336
1369 1 -1.4179145321724822 -1.6164995513335818
1370 1 0.3422009139048443 -1.8854999120680123
1371 0 1.4080922085995304 -2.0968140738533565
1372 1 1.1683063041543997 -1.653885899933795
1373 1 1.5842090059874048 -1.2446518463183134
1374 0 0.03895577346897605 -2.7877641019406405
1375 1 1.5737356416096695 -2.7833005310742815
1376 1 -0.8952919748893575 -1.4867188079617024
1377 0 -1.9980361447998263 -1.9945241663977227
1378 1 1.5235258143154504 -2.602670030328855
1379 1 0.38999830264460034 -1.6914067326042224
1380 1 -1.8109795264101756 -1.2854567041065705
1381 1 -1.6695598053456244 -1.429727610354919
1382 1 0.4468610025793378 -1.9299374198276393
1383 0 0.3073631345619363 -2.7143509337357585
1384 0 1.8574767997276451 -1.416513993153725
1385 0 0.6170508345239933 -2.379740620567852
1386 1 0.9446965397532181 -1.3516757301716373
1387 1 0.31188510493332 -1.5538138906711623
1388 0 -0.8400386115968561 -2.215066762747915
1389 0 -0.40345502397144584 -2.0653234683076205
1390 0 -0.530725537699773 -2.587539599602069
1391 1 -1.4803005335384984 -1.0265310856785488
1392 0 -0.5903346121171245 -2.0237264436826483
1393 1 -1.8973871194266265 -2.5360357332550274
1394 1 1.0782746798968916 -1.6427387657341141
1395 1 -1.2733069539839645 -2.7024390508967304
1396 1 -1.7468804635871118 -1.161188022178806
1397 0 0.628692749682743 -2.7755352754195117
1398 0 0.7817063241522093 -2.238293314842441
1399 0 -0.9632804384794702 -2.3978010853419733
1400 1 0.30649374919998973 -1.3994976146051834
1401 1 0.6003861401883066 -1.8151908071850085
1402 0 1.7514250606672013 -1.5034876755580715
1403 0 1.4608241054769149 -2.400689147502579
1404 1 1.9054072995499207 -2.7450257839756316
1405 0 -1.8580283696560338 -1.4296355794392621
1406 1 -0.20815851777980043 -1.4410455991591413
1407 0 1.1371514874516664 -2.5982438961080727
1408 0 0.7431937013795231 -1.9954218869280294
1409 0 -0.8469309737532926 -2.5674540646639232
1410 1 1.4401205511809758 -1.2074411855457747
1411 1 -0.14732920037711494 -1.0819100246009847
1412 1 -1.6200330028281922 -2.8912336584060494
1413 1 -1.00929702366416 -1.1595498548802403
1414 1 -0.06441441268144299 -1.2270084632217562
1415 1 -0.9545550896068122 -1.271545252260724
1416 1 0.9744895967756668 -1.3822308788475433
1417 1 -0.9959098478194743 -2.86921695857618
1418 0 -0.0140076713307149 -2.674424701153325
1419 0 -0.16282455965560638 -1.975553108843495
1420 1 -1.7574916364191289 -2.541630984111863
1421 0 -0.08744816197042526 -2.272214451356094
1422 1 1.7816806034369295 -2.9445288673811607
1423 1 -0.8360822495577529 -1.165796064666313
1424 0 -0.4012141135893179 -2.900344902414215
1425 0 -0.3088864284226669 -2.0837349779939993
1426 0 -0.19613767233274793 -2.9664225649208675
1427 1 -1.3216416216360862 -1.4898119095884361
1428 1 -1.9761354367241157 -2.137132212807016
1429 1 -1.2211303445950734 -1.058146481546037
1430 1 -0.31697367401895393 -1.2757413392244854
1431 1 -1.5535990994444728 -2.9373099862931475
1432 1 1.142330751256699 -1.5326387382998075
1433 1 1.4379517406329976 -2.855357681478428
1434 0 1.9762189058589725 -2.1167076952469905
1435 1 1.9612246933907564 -2.881392132604446
1436 0 1.1063689661017087 -2.504126421921171
1437 0 1.7744101567208004 -1.7482269494050235
1438 0 -1.4622024294666605 -1.8423829376556382
1439 1 -0.22581423376673282 -1.4702933644762692
1440 1 -0.382242795522858 -1.4940788763844985
1441 0 -1.5914132369942156 -1.9149748773399478
1442 0 1.382490235738714 -2.051669879649389
1443 1 0.7561160963255689 -2.9691078506426147
1444 1 1.8162388753468717 -2.6738519726338126
1445 1 0.056381492500386265 -1.3707513285758812
1446 1 1.5261703842195353 -2.89036834637972
1447 0 1.0211883131970847 -1.8683377684610183
1448 0 1.3657332075213668 -2.4288855678424
1449 0 -0.6715367408221944 -2.68048562572708
1450 0 1.4993799788696722 -2.088577360962061
1451 1 1.4423951745323693 -1.1871100715532579
1452 0 0.13079629839205476 -2.523755563912302
1453 1 1.1362985036578857 -1.6364964629965415
1454 0 -1.502912078615886 -1.954749533715123
1455 1 -1.1943325561988436 -1.3115041662677351
1456 1 -0.45944924962313305 -1.3092298106012321
1457 0 0.3847761717330114 -2.5357177765478136
1458 1 -1.5643282600238675 -1.4170028053729133
1459 1 -1.9977215303329174 -2.9239910240370754
1460 0 0.7965104721123928 -2.2630878753340027
1461 0 -0.5977317876644141 -2.6852051024860515
1462 0 -0.37311877229017476 -2.272217512831846
1463 1 -1.5403911032822477 -2.533073382862713
1464 1 1.6146549624075592 -2.46581032949954
1465 1 -0.8016303584428286 -1.0310159222910908
1466 0 1.0142350110546645 -2.2272448514403136
1467 1 0.667452816395127 -1.7928979595179213
1468 0 -1.6088029331285032 -1.784902109405318
1469 1 1.2826360801535919 -1.1470431101366434
1470 0 -1.8884903383779346 -1.5297153595199369
1471 0 -1.1505246185948415 -1.817618023183332
1472 0 0.7421481964057741 -2.1026817116561416
1473 0 0.12081368620161248 -2.8914672107025314
1474 1 -1.0853107810165974 -2.8133529653686535
1475 0 1.3752955636861484 -1.8201149265947283
1476 1 0.5053633298383939 -1.202184818024524
1477 1 -1.1278171414868776 -1.0661465999739845
1478 1 -1.1931247028565637 -2.766224596113214
1479 0 -1.1099201948206523 -2.12175342053895
1480 1 -0.8855881377018244 -1.0281955936470808
1481 1 -0.9466687418761701 -1.4513871041469582
1482 0 -0.1644205029451391 -2.514313480308059
1483 0 -1.8747783437965042 -1.5346605223427794
1484 0 -0.9662774703664851 -2.297049881116036
1485 1 -1.9677073756243337 -2.7889634107155254
1486 1 -0.5427011077128774 -1.38714455771553
1487 1 1.2569075764749185 -1.413125438931276
1488 1 -1.3747474018284658 -2.819800023595259
1489 1 0.05475686610459585 -1.8241802028438598
1490 1 -1.061403121198758 -1.203829413540077
1491 0 -1.5649277210146715 -1.712621705830943
1492 0 -1.4083802103149385 -1.9411413831533832
1493 0 -0.9634819590996093 -2.758833415297378
1494 0 -1.047939434411394 -2.0551574736373315
1495 1 0.11314665385802858 -1.7213864639100183
1496 0 -0.060091566610132485 -2.437048012393919
1497 1 -1.767013214689909 -2.3258537191599453
1498 0 -0.267125599426032 -2.791534268269924
1499 0 -0.06521354212255925 -2.3208985380977927
