501 0 0.0 0.0
502 0 0.0 0.05128205128205128
503 0 0.0 0.10256410256410256
504 0 0.0 0.15384615384615385
505 0 0.0 0.20512820512820512
506 0 0.0 0.2564102564102564
507 0 0.0 0.3076923076923077
508 0 0.0 0.358974358974359
509 0 0.0 0.41025641025641024
510 0 0.0 0.4615384615384615
511 0 0.0 0.5128205128205128
512 0 0.0 0.5641025641025641
513 0 0.0 0.6153846153846154
514 0 0.0 0.6666666666666666
515 0 0.0 0.717948717948718
516 0 0.0 0.7692307692307692
517 0 0.0 0.8205128205128205
518 0 0.0 0.8717948717948718
519 0 0.0 0.923076923076923
520 0 0.0 0.9743589743589743
521 1 0.0 1.0256410256410255
522 1 0.0 1.0769230769230769
523 1 0.0 1.1282051282051282
524 1 0.0 1.1794871794871795
525 1 0.0 1.2307692307692308
526 1 0.0 1.282051282051282
527 1 0.0 1.3333333333333333
528 1 0.0 1.3846153846153846
529 1 0.0 1.435897435897436
530 1 0.0 1.4871794871794872
531 1 0.0 1.5384615384615383
532 1 0.0 1.5897435897435896
533 1 0.0 1.641025641025641
534 1 0.0 1.6923076923076923
535 1 0.0 1.7435897435897436
536 1 0.0 1.7948717948717947
537 1 0.0 1.846153846153846
538 1 0.0 1.8974358974358974
539 1 0.0 1.9487179487179487
540 1 0.0 2.0
541 0 0.05128205128205128 0.0
542 0 0.05128205128205128 0.05128205128205128
543 0 0.05128205128205128 0.10256410256410256
544 0 0.05128205128205128 0.15384615384615385
545 0 0.05128205128205128 0.20512820512820512
546 0 0.05128205128205128 0.2564102564102564
547 0 0.05128205128205128 0.3076923076923077
548 0 0.05128205128205128 0.358974358974359
549 0 0.05128205128205128 0.41025641025641024
550 0 0.05128205128205128 0.4615384615384615
551 0 0.05128205128205128 0.5128205128205128
552 0 0.05128205128205128 0.5641025641025641
553 0 0.05128205128205128 0.6153846153846154
554 0 0.05128205128205128 0.6666666666666666
555 0 0.05128205128205128 0.717948717948718
556 0 0.05128205128205128 0.7692307692307692
557 0 0.05128205128205128 0.8205128205128205
558 0 0.05128205128205128 0.8717948717948718
559 0 0.05128205128205128 0.923076923076923
560 0 0.05128205128205128 0.9743589743589743
561 1 0.05128205128205128 1.0256410256410255
562 1 0.05128205128205128 1.0769230769230769
563 1 0.05128205128205128 1.1282051282051282
564 1 0.05128205128205128 1.1794871794871795
565 1 0.05128205128205128 1.2307692307692308
566 1 0.05128205128205128 1.282051282051282
567 1 0.05128205128205128 1.3333333333333333
568 1 0.05128205128205128 1.3846153846153846
569 1 0.05128205128205128 1.435897435897436
570 1 0.05128205128205128 1.4871794871794872
571 1 0.05128205128205128 1.5384615384615383
572 1 0.05128205128205128 1.5897435897435896
573 1 0.05128205128205128 1.641025641025641
574 1 0.05128205128205128 1.6923076923076923
575 1 0.05128205128205128 1.7435897435897436
576 1 0.05128205128205128 1.7948717948717947
577 1 0.05128205128205128 1.846153846153846
578 1 0.05128205128205128 1.8974358974358974
579 1 0.05128205128205128 1.9487179487179487
580 1 0.05128205128205128 2.0
581 0 0.10256410256410256 0.0
582 0 0.10256410256410256 0.05128205128205128
583 0 0.10256410256410256 0.10256410256410256
584 0 0.10256410256410256 0.15384615384615385
585 0 0.10256410256410256 0.20512820512820512
586 0 0.10256410256410256 0.2564102564102564
587 0 0.10256410256410256 0.3076923076923077
588 0 0.10256410256410256 0.358974358974359
589 0 0.10256410256410256 0.41025641025641024
590 0 0.10256410256410256 0.4615384615384615
591 0 0.10256410256410256 0.5128205128205128
592 0 0.10256410256410256 0.5641025641025641
593 0 0.10256410256410256 0.6153846153846154
594 0 0.10256410256410256 0.6666666666666666
595 0 0.10256410256410256 0.717948717948718
596 0 0.10256410256410256 0.7692307692307692
597 0 0.10256410256410256 0.8205128205128205
598 0 0.10256410256410256 0.8717948717948718
599 0 0.10256410256410256 0.923076923076923
600 0 0.10256410256410256 0.9743589743589743
601 1 0.10256410256410256 1.0256410256410255
602 1 0.10256410256410256 1.0769230769230769
603 1 0.10256410256410256 1.1282051282051282
604 1 0.10256410256410256 1.1794871794871795
605 1 0.10256410256410256 1.2307692307692308
606 1 0.10256410256410256 1.282051282051282
607 1 0.10256410256410256 1.3333333333333333
608 1 0.10256410256410256 1.3846153846153846
609 1 0.10256410256410256 1.435897435897436
610 1 0.10256410256410256 1.4871794871794872
611 1 0.10256410256410256 1.5384615384615383
612 1 0.10256410256410256 1.5897435897435896
613 1 0.10256410256410256 1.641025641025641
614 1 0.10256410256410256 1.6923076923076923
615 1 0.10256410256410256 1.7435897435897436
616 1 0.10256410256410256 1.7948717948717947
617 1 0.10256410256410256 1.846153846153846
618 1 0.10256410256410256 1.8974358974358974
619 1 0.10256410256410256 1.9487179487179487
620 1 0.10256410256410256 2.0
621 0 0.15384615384615385 0.0
622 0 0.15384615384615385 0.05128205128205128
623 0 0.15384615384615385 0.10256410256410256
624 0 0.15384615384615385 0.15384615384615385
625 0 0.15384615384615385 0.20512820512820512
626 0 0.15384615384615385 0.2564102564102564
627 0 0.15384615384615385 0.3076923076923077
628 0 0.15384615384615385 0.358974358974359
629 0 0.15384615384615385 0.41025641025641024
630 0 0.15384615384615385 0.4615384615384615
631 0 0.15384615384615385 0.5128205128205128
632 0 0.15384615384615385 0.5641025641025641
633 0 0.15384615384615385 0.6153846153846154
634 0 0.15384615384615385 0.6666666666666666
635 0 0.15384615384615385 0.717948717948718
636 0 0.15384615384615385 0.7692307692307692
637 0 0.15384615384615385 0.8205128205128205
638 0 0.15384615384615385 0.8717948717948718
639 0 0.15384615384615385 0.923076923076923
640 0 0.15384615384615385 0.9743589743589743
641 1 0.15384615384615385 1.0256410256410255
642 1 0.15384615384615385 1.0769230769230769
643 1 0.15384615384615385 1.1282051282051282
644 1 0.15384615384615385 1.1794871794871795
645 1 0.15384615384615385 1.2307692307692308
646 1 0.15384615384615385 1.282051282051282
647 1 0.15384615384615385 1.3333333333333333
648 1 0.15384615384615385 1.3846153846153846
649 1 0.15384615384615385 1.435897435897436
650 1 0.15384615384615385 1.4871794871794872
651 1 0.15384615384615385 1.5384615384615383
652 1 0.15384615384615385 1.5897435897435896
653 1 0.15384615384615385 1.641025641025641
654 1 0.15384615384615385 1.6923076923076923
655 1 0.15384615384615385 1.7435897435897436
656 1 0.15384615384615385 1.7948717948717947
657 1 0.15384615384615385 1.846153846153846
658 1 0.15384615384615385 1.8974358974358974
659 1 0.15384615384615385 1.9487179487179487
660 1 0.15384615384615385 2.0
661 0 0.20512820512820512 0.0
662 0 0.20512820512820512 0.05128205128205128
663 0 0.20512820512820512 0.10256410256410256
664 0 0.20512820512820512 0.15384615384615385
665 0 0.20512820512820512 0.20512820512820512
666 0 0.20512820512820512 0.2564102564102564
667 0 0.20512820512820512 0.3076923076923077
668 0 0.20512820512820512 0.358974358974359
669 0 0.20512820512820512 0.41025641025641024
670 0 0.20512820512820512 0.4615384615384615
671 0 0.20512820512820512 0.5128205128205128
672 0 0.20512820512820512 0.5641025641025641
673 0 0.20512820512820512 0.6153846153846154
674 0 0.20512820512820512 0.6666666666666666
675 0 0.20512820512820512 0.717948717948718
676 0 0.20512820512820512 0.7692307692307692
677 0 0.20512820512820512 0.8205128205128205
678 0 0.20512820512820512 0.8717948717948718
679 0 0.20512820512820512 0.923076923076923
680 0 0.20512820512820512 0.9743589743589743
681 1 0.20512820512820512 1.0256410256410255
682 1 0.20512820512820512 1.0769230769230769
683 1 0.20512820512820512 1.1282051282051282
684 1 0.20512820512820512 1.1794871794871795
685 1 0.20512820512820512 1.2307692307692308
686 1 0.20512820512820512 1.282051282051282
687 1 0.20512820512820512 1.3333333333333333
688 1 0.20512820512820512 1.3846153846153846
689 1 0.20512820512820512 1.435897435897436
690 1 0.20512820512820512 1.4871794871794872
691 1 0.20512820512820512 1.5384615384615383
692 1 0.20512820512820512 1.5897435897435896
693 1 0.20512820512820512 1.641025641025641
694 1 0.20512820512820512 1.6923076923076923
695 1 0.20512820512820512 1.7435897435897436
696 1 0.20512820512820512 1.7948717948717947
697 1 0.20512820512820512 1.846153846153846
698 1 0.20512820512820512 1.8974358974358974
699 1 0.20512820512820512 1.9487179487179487
700 1 0.20512820512820512 2.0
701 0 0.2564102564102564 0.0
702 0 0.2564102564102564 0.05128205128205128
703 0 0.2564102564102564 0.10256410256410256
704 0 0.2564102564102564 0.15384615384615385
705 0 0.2564102564102564 0.20512820512820512
706 0 0.2564102564102564 0.2564102564102564
707 0 0.2564102564102564 0.3076923076923077
708 0 0.2564102564102564 0.358974358974359
709 0 0.2564102564102564 0.41025641025641024
710 0 0.2564102564102564 0.4615384615384615
711 0 0.2564102564102564 0.5128205128205128
712 0 0.2564102564102564 0.5641025641025641
713 0 0.2564102564102564 0.6153846153846154
714 0 0.2564102564102564 0.6666666666666666
715 0 0.2564102564102564 0.717948717948718
716 0 0.2564102564102564 0.7692307692307692
717 0 0.2564102564102564 0.8205128205128205
718 0 0.2564102564102564 0.8717948717948718
719 0 0.2564102564102564 0.923076923076923
720 0 0.2564102564102564 0.9743589743589743
721 1 0.2564102564102564 1.0256410256410255
722 1 0.2564102564102564 1.0769230769230769
723 1 0.2564102564102564 1.1282051282051282
724 1 0.2564102564102564 1.1794871794871795
725 1 0.2564102564102564 1.2307692307692308
726 1 0.2564102564102564 1.282051282051282
727 1 0.2564102564102564 1.3333333333333333
728 1 0.2564102564102564 1.3846153846153846
729 1 0.2564102564102564 1.435897435897436
730 1 0.2564102564102564 1.4871794871794872
731 1 0.2564102564102564 1.5384615384615383
732 1 0.2564102564102564 1.5897435897435896
733 1 0.2564102564102564 1.641025641025641
734 1 0.2564102564102564 1.6923076923076923
735 1 0.2564102564102564 1.7435897435897436
736 1 0.2564102564102564 1.7948717948717947
737 1 0.2564102564102564 1.846153846153846
738 1 0.2564102564102564 1.8974358974358974
739 1 0.2564102564102564 1.9487179487179487
740 1 0.2564102564102564 2.0
741 0 0.3076923076923077 0.0
742 0 0.3076923076923077 0.05128205128205128
743 0 0.3076923076923077 0.10256410256410256
744 0 0.3076923076923077 0.15384615384615385
745 0 0.3076923076923077 0.20512820512820512
746 0 0.3076923076923077 0.2564102564102564
747 0 0.3076923076923077 0.3076923076923077
748 0 0.3076923076923077 0.358974358974359
749 0 0.3076923076923077 0.41025641025641024
750 0 0.3076923076923077 0.4615384615384615
751 0 0.3076923076923077 0.5128205128205128
752 0 0.3076923076923077 0.5641025641025641
753 0 0.3076923076923077 0.6153846153846154
754 0 0.3076923076923077 0.6666666666666666
755 0 0.3076923076923077 0.717948717948718
756 0 0.3076923076923077 0.7692307692307692
757 0 0.3076923076923077 0.8205128205128205
758 0 0.3076923076923077 0.8717948717948718
759 0 0.3076923076923077 0.923076923076923
760 0 0.3076923076923077 0.9743589743589743
761 1 0.3076923076923077 1.0256410256410255
762 1 0.3076923076923077 1.0769230769230769
763 1 0.3076923076923077 1.1282051282051282
764 1 0.3076923076923077 1.1794871794871795
765 1 0.3076923076923077 1.2307692307692308
766 1 0.3076923076923077 1.282051282051282
767 1 0.3076923076923077 1.3333333333333333
768 1 0.3076923076923077 1.3846153846153846
769 1 0.3076923076923077 1.435897435897436
770 1 0.3076923076923077 1.4871794871794872
771 1 0.3076923076923077 1.5384615384615383
772 1 0.3076923076923077 1.5897435897435896
773 1 0.3076923076923077 1.641025641025641
774 1 0.3076923076923077 1.6923076923076923
775 1 0.3076923076923077 1.7435897435897436
776 1 0.3076923076923077 1.7948717948717947
777 1 0.3076923076923077 1.846153846153846
778 1 0.3076923076923077 1.8974358974358974
779 1 0.3076923076923077 1.9487179487179487
780 1 0.3076923076923077 2.0
781 0 0.358974358974359 0.0
782 0 0.358974358974359 0.05128205128205128
783 0 0.358974358974359 0.10256410256410256
784 0 0.358974358974359 0.15384615384615385
785 0 0.358974358974359 0.20512820512820512
786 0 0.358974358974359 0.2564102564102564
787 0 0.358974358974359 0.3076923076923077
788 0 0.358974358974359 0.358974358974359
789 0 0.358974358974359 0.41025641025641024
790 0 0.358974358974359 0.4615384615384615
791 0 0.358974358974359 0.5128205128205128
792 0 0.358974358974359 0.5641025641025641
793 0 0.358974358974359 0.6153846153846154
794 0 0.358974358974359 0.6666666666666666
795 0 0.358974358974359 0.717948717948718
796 0 0.358974358974359 0.7692307692307692
797 0 0.358974358974359 0.8205128205128205
798 0 0.358974358974359 0.8717948717948718
799 0 0.358974358974359 0.923076923076923
800 0 0.358974358974359 0.9743589743589743
801 1 0.358974358974359 1.0256410256410255
802 1 0.358974358974359 1.0769230769230769
803 1 0.358974358974359 1.1282051282051282
804 1 0.358974358974359 1.1794871794871795
805 1 0.358974358974359 1.2307692307692308
806 1 0.358974358974359 1.282051282051282
807 1 0.358974358974359 1.3333333333333333
808 1 0.358974358974359 1.3846153846153846
809 1 0.358974358974359 1.435897435897436
810 1 0.358974358974359 1.4871794871794872
811 1 0.358974358974359 1.5384615384615383
812 1 0.358974358974359 1.5897435897435896
813 1 0.358974358974359 1.641025641025641
814 1 0.358974358974359 1.6923076923076923
815 1 0.358974358974359 1.7435897435897436
816 1 0.358974358974359 1.7948717948717947
817 1 0.358974358974359 1.846153846153846
818 1 0.358974358974359 1.8974358974358974
819 1 0.358974358974359 1.9487179487179487
820 1 0.358974358974359 2.0
821 0 0.41025641025641024 0.0
822 0 0.41025641025641024 0.05128205128205128
823 0 0.41025641025641024 0.10256410256410256
824 0 0.41025641025641024 0.15384615384615385
825 0 0.41025641025641024 0.20512820512820512
826 0 0.41025641025641024 0.2564102564102564
827 0 0.41025641025641024 0.3076923076923077
828 0 0.41025641025641024 0.358974358974359
829 0 0.41025641025641024 0.41025641025641024
830 0 0.41025641025641024 0.4615384615384615
831 0 0.41025641025641024 0.5128205128205128
832 0 0.41025641025641024 0.5641025641025641
833 0 0.41025641025641024 0.6153846153846154
834 0 0.41025641025641024 0.6666666666666666
835 0 0.41025641025641024 0.717948717948718
836 0 0.41025641025641024 0.7692307692307692
837 0 0.41025641025641024 0.8205128205128205
838 0 0.41025641025641024 0.8717948717948718
839 0 0.41025641025641024 0.923076923076923
840 0 0.41025641025641024 0.9743589743589743
841 1 0.41025641025641024 1.0256410256410255
842 1 0.41025641025641024 1.0769230769230769
843 1 0.41025641025641024 1.1282051282051282
844 1 0.41025641025641024 1.1794871794871795
845 1 0.41025641025641024 1.2307692307692308
846 1 0.41025641025641024 1.282051282051282
847 1 0.41025641025641024 1.3333333333333333
848 1 0.41025641025641024 1.3846153846153846
849 1 0.41025641025641024 1.435897435897436
850 1 0.41025641025641024 1.4871794871794872
851 1 0.41025641025641024 1.5384615384615383
852 1 0.41025641025641024 1.5897435897435896
853 1 0.41025641025641024 1.641025641025641
854 1 0.41025641025641024 1.6923076923076923
855 1 0.41025641025641024 1.7435897435897436
856 1 0.41025641025641024 1.7948717948717947
857 1 0.41025641025641024 1.846153846153846
858 1 0.41025641025641024 1.8974358974358974
859 1 0.41025641025641024 1.9487179487179487
860 1 0.41025641025641024 2.0
861 0 0.4615384615384615 0.0
862 0 0.4615384615384615 0.05128205128205128
863 0 0.4615384615384615 0.10256410256410256
864 0 0.4615384615384615 0.15384615384615385
865 0 0.4615384615384615 0.20512820512820512
866 0 0.4615384615384615 0.2564102564102564
867 0 0.4615384615384615 0.3076923076923077
868 0 0.4615384615384615 0.358974358974359
869 0 0.4615384615384615 0.41025641025641024
870 0 0.4615384615384615 0.4615384615384615
871 0 0.4615384615384615 0.5128205128205128
872 0 0.4615384615384615 0.5641025641025641
873 0 0.4615384615384615 0.6153846153846154
874 0 0.4615384615384615 0.6666666666666666
875 0 0.4615384615384615 0.717948717948718
876 0 0.4615384615384615 0.7692307692307692
877 0 0.4615384615384615 0.8205128205128205
878 0 0.4615384615384615 0.8717948717948718
879 0 0.4615384615384615 0.923076923076923
880 0 0.4615384615384615 0.9743589743589743
881 1 0.4615384615384615 1.0256410256410255
882 1 0.4615384615384615 1.0769230769230769
883 1 0.4615384615384615 1.1282051282051282
884 1 0.4615384615384615 1.1794871794871795
885 1 0.4615384615384615 1.2307692307692308
886 1 0.4615384615384615 1.282051282051282
887 1 0.4615384615384615 1.3333333333333333
888 1 0.4615384615384615 1.3846153846153846
889 1 0.4615384615384615 1.435897435897436
890 1 0.4615384615384615 1.4871794871794872
891 1 0.4615384615384615 1.5384615384615383
892 1 0.4615384615384615 1.5897435897435896
893 1 0.4615384615384615 1.641025641025641
894 1 0.4615384615384615 1.6923076923076923
895 1 0.4615384615384615 1.7435897435897436
896 1 0.4615384615384615 1.7948717948717947
897 1 0.4615384615384615 1.846153846153846
898 1 0.4615384615384615 1.8974358974358974
899 1 0.4615384615384615 1.9487179487179487
900 1 0.4615384615384615 2.0
901 0 0.5128205128205128 0.0
902 0 0.5128205128205128 0.05128205128205128
903 0 0.5128205128205128 0.10256410256410256
904 0 0.5128205128205128 0.15384615384615385
905 0 0.5128205128205128 0.20512820512820512
906 0 0.5128205128205128 0.2564102564102564
907 0 0.5128205128205128 0.3076923076923077
908 0 0.5128205128205128 0.358974358974359
909 0 0.5128205128205128 0.41025641025641024
910 0 0.5128205128205128 0.4615384615384615
911 0 0.5128205128205128 0.5128205128205128
912 0 0.5128205128205128 0.5641025641025641
913 0 0.5128205128205128 0.6153846153846154
914 0 0.5128205128205128 0.6666666666666666
915 0 0.5128205128205128 0.717948717948718
916 0 0.5128205128205128 0.7692307692307692
917 0 0.5128205128205128 0.8205128205128205
918 0 0.5128205128205128 0.8717948717948718
919 0 0.5128205128205128 0.923076923076923
920 0 0.5128205128205128 0.9743589743589743
921 1 0.5128205128205128 1.0256410256410255
922 1 0.5128205128205128 1.0769230769230769
923 1 0.5128205128205128 1.1282051282051282
924 1 0.5128205128205128 1.1794871794871795
925 1 0.5128205128205128 1.2307692307692308
926 1 0.5128205128205128 1.282051282051282
927 1 0.5128205128205128 1.3333333333333333
928 1 0.5128205128205128 1.3846153846153846
929 1 0.5128205128205128 1.435897435897436
930 1 0.5128205128205128 1.4871794871794872
931 1 0.5128205128205128 1.5384615384615383
932 1 0.5128205128205128 1.5897435897435896
933 1 0.5128205128205128 1.641025641025641
934 1 0.5128205128205128 1.6923076923076923
935 1 0.5128205128205128 1.7435897435897436
936 1 0.5128205128205128 1.7948717948717947
937 1 0.5128205128205128 1.846153846153846
938 1 0.5128205128205128 1.8974358974358974
939 1 0.5128205128205128 1.9487179487179487
940 1 0.5128205128205128 2.0
941 0 0.5641025641025641 0.0
942 0 0.5641025641025641 0.05128205128205128
943 0 0.5641025641025641 0.10256410256410256
944 0 0.5641025641025641 0.15384615384615385
945 0 0.5641025641025641 0.20512820512820512
946 0 0.5641025641025641 0.2564102564102564
947 0 0.5641025641025641 0.3076923076923077
948 0 0.5641025641025641 0.358974358974359
949 0 0.5641025641025641 0.41025641025641024
950 0 0.5641025641025641 0.4615384615384615
951 0 0.5641025641025641 0.5128205128205128
952 0 0.5641025641025641 0.5641025641025641
953 0 0.5641025641025641 0.6153846153846154
954 0 0.5641025641025641 0.6666666666666666
955 0 0.5641025641025641 0.717948717948718
956 0 0.5641025641025641 0.7692307692307692
957 0 0.5641025641025641 0.8205128205128205
958 0 0.5641025641025641 0.8717948717948718
959 0 0.5641025641025641 0.923076923076923
960 0 0.5641025641025641 0.9743589743589743
961 1 0.5641025641025641 1.0256410256410255
962 1 0.5641025641025641 1.0769230769230769
963 1 0.5641025641025641 1.1282051282051282
964 1 0.5641025641025641 1.1794871794871795
965 1 0.5641025641025641 1.2307692307692308
966 1 0.5641025641025641 1.282051282051282
967 1 0.5641025641025641 1.3333333333333333
968 1 0.5641025641025641 1.3846153846153846
969 1 0.5641025641025641 1.435897435897436
970 1 0.5641025641025641 1.4871794871794872
971 1 0.5641025641025641 1.5384615384615383
972 1 0.5641025641025641 1.5897435897435896
973 1 0.5641025641025641 1.641025641025641
974 1 0.5641025641025641 1.6923076923076923
975 1 0.5641025641025641 1.7435897435897436
976 1 0.5641025641025641 1.7948717948717947
977 1 0.5641025641025641 1.846153846153846
978 1 0.5641025641025641 1.8974358974358974
979 1 0.5641025641025641 1.9487179487179487
980 1 0.5641025641025641 2.0
981 0 0.6153846153846154 0.0
982 0 0.6153846153846154 0.05128205128205128
983 0 0.6153846153846154 0.10256410256410256
984 0 0.6153846153846154 0.15384615384615385
985 0 0.6153846153846154 0.20512820512820512
986 0 0.6153846153846154 0.2564102564102564
987 0 0.6153846153846154 0.3076923076923077
988 0 0.6153846153846154 0.358974358974359
989 0 0.6153846153846154 0.41025641025641024
990 0 0.6153846153846154 0.4615384615384615
991 0 0.6153846153846154 0.5128205128205128
992 0 0.6153846153846154 0.5641025641025641
993 0 0.6153846153846154 0.6153846153846154
994 0 0.6153846153846154 0.6666666666666666
995 0 0.6153846153846154 0.717948717948718
996 0 0.6153846153846154 0.7692307692307692
997 0 0.6153846153846154 0.8205128205128205
998 0 0.6153846153846154 0.8717948717948718
999 0 0.6153846153846154 0.923076923076923
1000 0 0.6153846153846154 0.9743589743589743
1001 1 0.6153846153846154 1.0256410256410255
1002 1 0.6153846153846154 1.0769230769230769
1003 1 0.6153846153846154 1.1282051282051282
1004 1 0.6153846153846154 1.1794871794871795
1005 1 0.6153846153846154 1.2307692307692308
1006 1 0.6153846153846154 1.282051282051282
1007 1 0.6153846153846154 1.3333333333333333
1008 1 0.6153846153846154 1.3846153846153846
1009 1 0.6153846153846154 1.435897435897436
1010 1 0.6153846153846154 1.4871794871794872
1011 1 0.6153846153846154 1.5384615384615383
1012 1 0.6153846153846154 1.5897435897435896
1013 1 0.6153846153846154 1.641025641025641
1014 1 0.6153846153846154 1.6923076923076923
1015 1 0.6153846153846154 1.7435897435897436
1016 1 0.6153846153846154 1.7948717948717947
1017 1 0.6153846153846154 1.846153846153846
1018 1 0.6153846153846154 1.8974358974358974
1019 1 0.6153846153846154 1.9487179487179487
1020 1 0.6153846153846154 2.0
1021 0 0.6666666666666666 0.0
1022 0 0.6666666666666666 0.05128205128205128
1023 0 0.6666666666666666 0.10256410256410256
1024 0 0.6666666666666666 0.15384615384615385
1025 0 0.6666666666666666 0.20512820512820512
1026 0 0.6666666666666666 0.2564102564102564
1027 0 0.6666666666666666 0.3076923076923077
1028 0 0.6666666666666666 0.358974358974359
1029 0 0.6666666666666666 0.41025641025641024
1030 0 0.6666666666666666 0.4615384615384615
1031 0 0.6666666666666666 0.5128205128205128
1032 0 0.6666666666666666 0.5641025641025641
1033 0 0.6666666666666666 0.6153846153846154
1034 0 0.6666666666666666 0.6666666666666666
1035 0 0.6666666666666666 0.717948717948718
1036 0 0.6666666666666666 0.7692307692307692
1037 0 0.6666666666666666 0.8205128205128205
1038 0 0.6666666666666666 0.8717948717948718
1039 0 0.6666666666666666 0.923076923076923
1040 0 0.6666666666666666 0.9743589743589743
1041 1 0.6666666666666666 1.0256410256410255
1042 1 0.6666666666666666 1.0769230769230769
1043 1 0.6666666666666666 1.1282051282051282
1044 1 0.6666666666666666 1.1794871794871795
1045 1 0.6666666666666666 1.2307692307692308
1046 1 0.6666666666666666 1.282051282051282
1047 1 0.6666666666666666 1.3333333333333333
1048 1 0.6666666666666666 1.3846153846153846
1049 1 0.6666666666666666 1.435897435897436
1050 1 0.6666666666666666 1.4871794871794872
1051 1 0.6666666666666666 1.5384615384615383
1052 1 0.6666666666666666 1.5897435897435896
1053 1 0.6666666666666666 1.641025641025641
1054 1 0.6666666666666666 1.6923076923076923
1055 1 0.6666666666666666 1.7435897435897436
1056 1 0.6666666666666666 1.7948717948717947
1057 1 0.6666666666666666 1.846153846153846
1058 1 0.6666666666666666 1.8974358974358974
1059 1 0.6666666666666666 1.9487179487179487
1060 1 0.6666666666666666 2.0
1061 0 0.717948717948718 0.0
1062 0 0.717948717948718 0.05128205128205128
1063 0 0.717948717948718 0.10256410256410256
1064 0 0.717948717948718 0.15384615384615385
1065 0 0.717948717948718 0.20512820512820512
1066 0 0.717948717948718 0.2564102564102564
1067 0 0.717948717948718 0.3076923076923077
1068 0 0.717948717948718 0.358974358974359
1069 0 0.717948717948718 0.41025641025641024
1070 0 0.717948717948718 0.4615384615384615
1071 0 0.717948717948718 0.5128205128205128
1072 0 0.717948717948718 0.5641025641025641
1073 0 0.717948717948718 0.6153846153846154
1074 0 0.717948717948718 0.6666666666666666
1075 0 0.717948717948718 0.717948717948718
1076 0 0.717948717948718 0.7692307692307692
1077 0 0.717948717948718 0.8205128205128205
1078 0 0.717948717948718 0.8717948717948718
1079 0 0.717948717948718 0.923076923076923
1080 0 0.717948717948718 0.9743589743589743
1081 1 0.717948717948718 1.0256410256410255
1082 1 0.717948717948718 1.0769230769230769
1083 1 0.717948717948718 1.1282051282051282
1084 1 0.717948717948718 1.1794871794871795
1085 1 0.717948717948718 1.2307692307692308
1086 1 0.717948717948718 1.282051282051282
1087 1 0.717948717948718 1.3333333333333333
1088 1 0.717948717948718 1.3846153846153846
1089 1 0.717948717948718 1.435897435897436
1090 1 0.717948717948718 1.4871794871794872
1091 1 0.717948717948718 1.5384615384615383
1092 1 0.717948717948718 1.5897435897435896
1093 1 0.717948717948718 1.641025641025641
1094 1 0.717948717948718 1.6923076923076923
1095 1 0.717948717948718 1.7435897435897436
1096 1 0.717948717948718 1.7948717948717947
1097 1 0.717948717948718 1.846153846153846
1098 1 0.717948717948718 1.8974358974358974
1099 1 0.717948717948718 1.9487179487179487
1100 1 0.717948717948718 2.0
1101 0 0.7692307692307692 0.0
1102 0 0.7692307692307692 0.05128205128205128
1103 0 0.7692307692307692 0.10256410256410256
1104 0 0.7692307692307692 0.15384615384615385
1105 0 0.7692307692307692 0.20512820512820512
1106 0 0.7692307692307692 0.2564102564102564
1107 0 0.7692307692307692 0.3076923076923077
1108 0 0.7692307692307692 0.358974358974359
1109 0 0.7692307692307692 0.41025641025641024
1110 0 0.7692307692307692 0.4615384615384615
1111 0 0.7692307692307692 0.5128205128205128
1112 0 0.7692307692307692 0.5641025641025641
1113 0 0.7692307692307692 0.6153846153846154
1114 0 0.7692307692307692 0.6666666666666666
1115 0 0.7692307692307692 0.717948717948718
1116 0 0.7692307692307692 0.7692307692307692
1117 0 0.7692307692307692 0.8205128205128205
1118 0 0.7692307692307692 0.8717948717948718
1119 0 0.7692307692307692 0.923076923076923
1120 0 0.7692307692307692 0.9743589743589743
1121 1 0.7692307692307692 1.0256410256410255
1122 1 0.7692307692307692 1.0769230769230769
1123 1 0.7692307692307692 1.1282051282051282
1124 1 0.7692307692307692 1.1794871794871795
1125 1 0.7692307692307692 1.2307692307692308
1126 1 0.7692307692307692 1.282051282051282
1127 1 0.7692307692307692 1.3333333333333333
1128 1 0.7692307692307692 1.3846153846153846
1129 1 0.7692307692307692 1.435897435897436
1130 1 0.7692307692307692 1.4871794871794872
1131 1 0.7692307692307692 1.5384615384615383
1132 1 0.7692307692307692 1.5897435897435896
1133 1 0.7692307692307692 1.641025641025641
1134 1 0.7692307692307692 1.6923076923076923
1135 1 0.7692307692307692 1.7435897435897436
1136 1 0.7692307692307692 1.7948717948717947
1137 1 0.7692307692307692 1.846153846153846
1138 1 0.7692307692307692 1.8974358974358974
1139 1 0.7692307692307692 1.9487179487179487
1140 1 0.7692307692307692 2.0
1141 0 0.8205128205128205 0.0
1142 0 0.8205128205128205 0.05128205128205128
1143 0 0.8205128205128205 0.10256410256410256
1144 0 0.8205128205128205 0.15384615384615385
1145 0 0.8205128205128205 0.20512820512820512
1146 0 0.8205128205128205 0.2564102564102564
1147 0 0.8205128205128205 0.3076923076923077
1148 0 0.8205128205128205 0.358974358974359
1149 0 0.8205128205128205 0.41025641025641024
1150 0 0.8205128205128205 0.4615384615384615
1151 0 0.8205128205128205 0.5128205128205128
1152 0 0.8205128205128205 0.5641025641025641
1153 0 0.8205128205128205 0.6153846153846154
1154 0 0.8205128205128205 0.6666666666666666
1155 0 0.8205128205128205 0.717948717948718
1156 0 0.8205128205128205 0.7692307692307692
1157 0 0.8205128205128205 0.8205128205128205
1158 0 0.8205128205128205 0.8717948717948718
1159 0 0.8205128205128205 0.923076923076923
1160 0 0.8205128205128205 0.9743589743589743
1161 1 0.8205128205128205 1.0256410256410255
1162 1 0.8205128205128205 1.0769230769230769
1163 1 0.8205128205128205 1.1282051282051282
1164 1 0.8205128205128205 1.1794871794871795
1165 1 0.8205128205128205 1.2307692307692308
1166 1 0.8205128205128205 1.282051282051282
1167 1 0.8205128205128205 1.3333333333333333
1168 1 0.8205128205128205 1.3846153846153846
1169 1 0.8205128205128205 1.435897435897436
1170 1 0.8205128205128205 1.4871794871794872
1171 1 0.8205128205128205 1.5384615384615383
1172 1 0.8205128205128205 1.5897435897435896
1173 1 0.8205128205128205 1.641025641025641
1174 1 0.8205128205128205 1.6923076923076923
1175 1 0.8205128205128205 1.7435897435897436
1176 1 0.8205128205128205 1.7948717948717947
1177 1 0.8205128205128205 1.846153846153846
1178 1 0.8205128205128205 1.8974358974358974
1179 1 0.8205128205128205 1.9487179487179487
1180 1 0.8205128205128205 2.0
1181 0 0.8717948717948718 0.0
1182 0 0.8717948717948718 0.05128205128205128
1183 0 0.8717948717948718 0.10256410256410256
1184 0 0.8717948717948718 0.15384615384615385
1185 0 0.8717948717948718 0.20512820512820512
1186 0 0.8717948717948718 0.2564102564102564
1187 0 0.8717948717948718 0.3076923076923077
1188 0 0.8717948717948718 0.358974358974359
1189 0 0.8717948717948718 0.41025641025641024
1190 0 0.8717948717948718 0.4615384615384615
1191 0 0.8717948717948718 0.5128205128205128
1192 0 0.8717948717948718 0.5641025641025641
1193 0 0.8717948717948718 0.6153846153846154
1194 0 0.8717948717948718 0.6666666666666666
1195 0 0.8717948717948718 0.717948717948718
1196 0 0.8717948717948718 0.7692307692307692
1197 0 0.8717948717948718 0.8205128205128205
1198 0 0.8717948717948718 0.8717948717948718
1199 0 0.8717948717948718 0.923076923076923
1200 0 0.8717948717948718 0.9743589743589743
1201 1 0.8717948717948718 1.0256410256410255
1202 1 0.8717948717948718 1.0769230769230769
1203 1 0.8717948717948718 1.1282051282051282
1204 1 0.8717948717948718 1.1794871794871795
1205 1 0.8717948717948718 1.2307692307692308
1206 1 0.8717948717948718 1.282051282051282
1207 1 0.8717948717948718 1.3333333333333333
1208 1 0.8717948717948718 1.3846153846153846
1209 1 0.8717948717948718 1.435897435897436
1210 1 0.8717948717948718 1.4871794871794872
1211 1 0.8717948717948718 1.5384615384615383
1212 1 0.8717948717948718 1.5897435897435896
1213 1 0.8717948717948718 1.641025641025641
1214 1 0.8717948717948718 1.6923076923076923
1215 1 0.8717948717948718 1.7435897435897436
1216 1 0.8717948717948718 1.7948717948717947
1217 1 0.8717948717948718 1.846153846153846
1218 1 0.8717948717948718 1.8974358974358974
1219 1 0.8717948717948718 1.9487179487179487
1220 1 0.8717948717948718 2.0
1221 0 0.923076923076923 0.0
1222 0 0.923076923076923 0.05128205128205128
1223 0 0.923076923076923 0.10256410256410256
1224 0 0.923076923076923 0.15384615384615385
1225 0 0.923076923076923 0.20512820512820512
1226 0 0.923076923076923 0.2564102564102564
1227 0 0.923076923076923 0.3076923076923077
1228 0 0.923076923076923 0.358974358974359
1229 0 0.923076923076923 0.41025641025641024
1230 0 0.923076923076923 0.4615384615384615
1231 0 0.923076923076923 0.5128205128205128
1232 0 0.923076923076923 0.5641025641025641
1233 0 0.923076923076923 0.6153846153846154
1234 0 0.923076923076923 0.6666666666666666
1235 0 0.923076923076923 0.717948717948718
1236 0 0.923076923076923 0.7692307692307692
1237 0 0.923076923076923 0.8205128205128205
1238 0 0.923076923076923 0.8717948717948718
1239 0 0.923076923076923 0.923076923076923
1240 0 0.923076923076923 0.9743589743589743
1241 1 0.923076923076923 1.0256410256410255
1242 1 0.923076923076923 1.0769230769230769
1243 1 0.923076923076923 1.1282051282051282
1244 1 0.923076923076923 1.1794871794871795
1245 1 0.923076923076923 1.2307692307692308
1246 1 0.923076923076923 1.282051282051282
1247 1 0.923076923076923 1.3333333333333333
1248 1 0.923076923076923 1.3846153846153846
1249 1 0.923076923076923 1.435897435897436
1250 1 0.923076923076923 1.4871794871794872
1251 1 0.923076923076923 1.5384615384615383
1252 1 0.923076923076923 1.5897435897435896
1253 1 0.923076923076923 1.641025641025641
1254 1 0.923076923076923 1.6923076923076923
1255 1 0.923076923076923 1.7435897435897436
1256 1 0.923076923076923 1.7948717948717947
1257 1 0.923076923076923 1.846153846153846
1258 1 0.923076923076923 1.8974358974358974
1259 1 0.923076923076923 1.9487179487179487
1260 1 0.923076923076923 2.0
1261 0 0.9743589743589743 0.0
1262 0 0.9743589743589743 0.05128205128205128
1263 0 0.9743589743589743 0.10256410256410256
1264 0 0.9743589743589743 0.15384615384615385
1265 0 0.9743589743589743 0.20512820512820512
1266 0 0.9743589743589743 0.2564102564102564
1267 0 0.9743589743589743 0.3076923076923077
1268 0 0.9743589743589743 0.358974358974359
1269 0 0.9743589743589743 0.41025641025641024
1270 0 0.9743589743589743 0.4615384615384615
1271 0 0.9743589743589743 0.5128205128205128
1272 0 0.9743589743589743 0.5641025641025641
1273 0 0.9743589743589743 0.6153846153846154
1274 0 0.9743589743589743 0.6666666666666666
1275 0 0.9743589743589743 0.717948717948718
1276 0 0.9743589743589743 0.7692307692307692
1277 0 0.9743589743589743 0.8205128205128205
1278 0 0.9743589743589743 0.8717948717948718
1279 0 0.9743589743589743 0.923076923076923
1280 0 0.9743589743589743 0.9743589743589743
1281 1 0.9743589743589743 1.0256410256410255
1282 1 0.9743589743589743 1.0769230769230769
1283 1 0.9743589743589743 1.1282051282051282
1284 1 0.9743589743589743 1.1794871794871795
1285 1 0.9743589743589743 1.2307692307692308
1286 1 0.9743589743589743 1.282051282051282
1287 1 0.9743589743589743 1.3333333333333333
1288 1 0.9743589743589743 1.3846153846153846
1289 1 0.9743589743589743 1.435897435897436
1290 1 0.9743589743589743 1.4871794871794872
1291 1 0.9743589743589743 1.5384615384615383
1292 1 0.9743589743589743 1.5897435897435896
1293 1 0.9743589743589743 1.641025641025641
1294 1 0.9743589743589743 1.6923076923076923
1295 1 0.9743589743589743 1.7435897435897436
1296 1 0.9743589743589743 1.7948717948717947
1297 1 0.9743589743589743 1.846153846153846
1298 1 0.9743589743589743 1.8974358974358974
1299 1 0.9743589743589743 1.9487179487179487
1300 1 0.9743589743589743 2.0
1301 1 1.0256410256410255 0.0
1302 1 1.0256410256410255 0.05128205128205128
1303 1 1.0256410256410255 0.10256410256410256
1304 1 1.0256410256410255 0.15384615384615385
1305 1 1.0256410256410255 0.20512820512820512
1306 1 1.0256410256410255 0.2564102564102564
1307 1 1.0256410256410255 0.3076923076923077
1308 1 1.0256410256410255 0.358974358974359
1309 1 1.0256410256410255 0.41025641025641024
1310 1 1.0256410256410255 0.4615384615384615
1311 1 1.0256410256410255 0.5128205128205128
1312 1 1.0256410256410255 0.5641025641025641
1313 1 1.0256410256410255 0.6153846153846154
1314 1 1.0256410256410255 0.6666666666666666
1315 1 1.0256410256410255 0.717948717948718
1316 1 1.0256410256410255 0.7692307692307692
1317 1 1.0256410256410255 0.8205128205128205
1318 1 1.0256410256410255 0.8717948717948718
1319 1 1.0256410256410255 0.923076923076923
1320 1 1.0256410256410255 0.9743589743589743
1321 0 1.0256410256410255 1.0256410256410255
1322 0 1.0256410256410255 1.0769230769230769
1323 0 1.0256410256410255 1.1282051282051282
1324 0 1.0256410256410255 1.1794871794871795
1325 0 1.0256410256410255 1.2307692307692308
1326 0 1.0256410256410255 1.282051282051282
1327 0 1.0256410256410255 1.3333333333333333
1328 0 1.0256410256410255 1.3846153846153846
1329 0 1.0256410256410255 1.435897435897436
1330 0 1.0256410256410255 1.4871794871794872
1331 0 1.0256410256410255 1.5384615384615383
1332 0 1.0256410256410255 1.5897435897435896
1333 0 1.0256410256410255 1.641025641025641
1334 0 1.0256410256410255 1.6923076923076923
1335 0 1.0256410256410255 1.7435897435897436
1336 0 1.0256410256410255 1.7948717948717947
1337 0 1.0256410256410255 1.846153846153846
1338 0 1.0256410256410255 1.8974358974358974
1339 0 1.0256410256410255 1.9487179487179487
1340 0 1.0256410256410255 2.0
1341 1 1.0769230769230769 0.0
1342 1 1.0769230769230769 0.05128205128205128
1343 1 1.0769230769230769 0.10256410256410256
1344 1 1.0769230769230769 0.15384615384615385
1345 1 1.0769230769230769 0.20512820512820512
1346 1 1.0769230769230769 0.2564102564102564
1347 1 1.0769230769230769 0.3076923076923077
1348 1 1.0769230769230769 0.358974358974359
1349 1 1.0769230769230769 0.41025641025641024
1350 1 1.0769230769230769 0.4615384615384615
1351 1 1.0769230769230769 0.5128205128205128
1352 1 1.0769230769230769 0.5641025641025641
1353 1 1.0769230769230769 0.6153846153846154
1354 1 1.0769230769230769 0.6666666666666666
1355 1 1.0769230769230769 0.717948717948718
1356 1 1.0769230769230769 0.7692307692307692
1357 1 1.0769230769230769 0.8205128205128205
1358 1 1.0769230769230769 0.8717948717948718
1359 1 1.0769230769230769 0.923076923076923
1360 1 1.0769230769230769 0.9743589743589743
1361 0 1.0769230769230769 1.0256410256410255
1362 0 1.0769230769230769 1.0769230769230769
1363 0 1.0769230769230769 1.1282051282051282
1364 0 1.0769230769230769 1.1794871794871795
1365 0 1.0769230769230769 1.2307692307692308
1366 0 1.0769230769230769 1.282051282051282
1367 0 1.0769230769230769 1.3333333333333333
1368 0 1.0769230769230769 1.3846153846153846
1369 0 1.0769230769230769 1.435897435897436
1370 0 1.0769230769230769 1.4871794871794872
1371 0 1.0769230769230769 1.5384615384615383
1372 0 1.0769230769230769 1.5897435897435896
1373 0 1.0769230769230769 1.641025641025641
1374 0 1.0769230769230769 1.6923076923076923
1375 0 1.0769230769230769 1.7435897435897436
1376 0 1.0769230769230769 1.7948717948717947
1377 0 1.0769230769230769 1.846153846153846
1378 0 1.0769230769230769 1.8974358974358974
1379 0 1.0769230769230769 1.9487179487179487
1380 0 1.0769230769230769 2.0
1381 1 1.1282051282051282 0.0
1382 1 1.1282051282051282 0.05128205128205128
1383 1 1.1282051282051282 0.10256410256410256
1384 1 1.1282051282051282 0.15384615384615385
1385 1 1.1282051282051282 0.20512820512820512
1386 1 1.1282051282051282 0.2564102564102564
1387 1 1.1282051282051282 0.3076923076923077
1388 1 1.1282051282051282 0.358974358974359
1389 1 1.1282051282051282 0.41025641025641024
1390 1 1.1282051282051282 0.4615384615384615
1391 1 1.1282051282051282 0.5128205128205128
1392 1 1.1282051282051282 0.5641025641025641
1393 1 1.1282051282051282 0.6153846153846154
1394 1 1.1282051282051282 0.6666666666666666
1395 1 1.1282051282051282 0.717948717948718
1396 1 1.1282051282051282 0.7692307692307692
1397 1 1.1282051282051282 0.8205128205128205
1398 1 1.1282051282051282 0.8717948717948718
1399 1 1.1282051282051282 0.923076923076923
1400 1 1.1282051282051282 0.9743589743589743
1401 0 1.1282051282051282 1.0256410256410255
1402 0 1.1282051282051282 1.0769230769230769
1403 0 1.1282051282051282 1.1282051282051282
1404 0 1.1282051282051282 1.1794871794871795
1405 0 1.1282051282051282 1.2307692307692308
1406 0 1.1282051282051282 1.282051282051282
1407 0 1.1282051282051282 1.3333333333333333
1408 0 1.1282051282051282 1.3846153846153846
1409 0 1.1282051282051282 1.435897435897436
1410 0 1.1282051282051282 1.4871794871794872
1411 0 1.1282051282051282 1.5384615384615383
1412 0 1.1282051282051282 1.5897435897435896
1413 0 1.1282051282051282 1.641025641025641
1414 0 1.1282051282051282 1.6923076923076923
1415 0 1.1282051282051282 1.7435897435897436
1416 0 1.1282051282051282 1.7948717948717947
1417 0 1.1282051282051282 1.846153846153846
1418 0 1.1282051282051282 1.8974358974358974
1419 0 1.1282051282051282 1.9487179487179487
1420 0 1.1282051282051282 2.0
1421 1 1.1794871794871795 0.0
1422 1 1.1794871794871795 0.05128205128205128
1423 1 1.1794871794871795 0.10256410256410256
1424 1 1.1794871794871795 0.15384615384615385
1425 1 1.1794871794871795 0.20512820512820512
1426 1 1.1794871794871795 0.2564102564102564
1427 1 1.1794871794871795 0.3076923076923077
1428 1 1.1794871794871795 0.358974358974359
1429 1 1.1794871794871795 0.41025641025641024
1430 1 1.1794871794871795 0.4615384615384615
1431 1 1.1794871794871795 0.5128205128205128
1432 1 1.1794871794871795 0.5641025641025641
1433 1 1.1794871794871795 0.6153846153846154
1434 1 1.1794871794871795 0.6666666666666666
1435 1 1.1794871794871795 0.717948717948718
1436 1 1.1794871794871795 0.7692307692307692
1437 1 1.1794871794871795 0.8205128205128205
1438 1 1.1794871794871795 0.8717948717948718
1439 1 1.1794871794871795 0.923076923076923
1440 1 1.1794871794871795 0.9743589743589743
1441 0 1.1794871794871795 1.0256410256410255
1442 0 1.1794871794871795 1.0769230769230769
1443 0 1.1794871794871795 1.1282051282051282
1444 0 1.1794871794871795 1.1794871794871795
1445 0 1.1794871794871795 1.2307692307692308
1446 0 1.1794871794871795 1.282051282051282
1447 0 1.1794871794871795 1.3333333333333333
1448 0 1.1794871794871795 1.3846153846153846
1449 0 1.1794871794871795 1.435897435897436
1450 0 1.1794871794871795 1.4871794871794872
1451 0 1.1794871794871795 1.5384615384615383
1452 0 1.1794871794871795 1.5897435897435896
1453 0 1.1794871794871795 1.641025641025641
1454 0 1.1794871794871795 1.6923076923076923
1455 0 1.1794871794871795 1.7435897435897436
1456 0 1.1794871794871795 1.7948717948717947
1457 0 1.1794871794871795 1.846153846153846
1458 0 1.1794871794871795 1.8974358974358974
1459 0 1.1794871794871795 1.9487179487179487
1460 0 1.1794871794871795 2.0
1461 1 1.2307692307692308 0.0
1462 1 1.2307692307692308 0.05128205128205128
1463 1 1.2307692307692308 0.10256410256410256
1464 1 1.2307692307692308 0.15384615384615385
1465 1 1.2307692307692308 0.20512820512820512
1466 1 1.2307692307692308 0.2564102564102564
1467 1 1.2307692307692308 0.3076923076923077
1468 1 1.2307692307692308 0.358974358974359
1469 1 1.2307692307692308 0.41025641025641024
1470 1 1.2307692307692308 0.4615384615384615
1471 1 1.2307692307692308 0.5128205128205128
1472 1 1.2307692307692308 0.5641025641025641
1473 1 1.2307692307692308 0.6153846153846154
1474 1 1.2307692307692308 0.6666666666666666
1475 1 1.2307692307692308 0.717948717948718
1476 1 1.2307692307692308 0.7692307692307692
1477 1 1.2307692307692308 0.8205128205128205
1478 1 1.2307692307692308 0.8717948717948718
1479 1 1.2307692307692308 0.923076923076923
1480 1 1.2307692307692308 0.9743589743589743
1481 0 1.2307692307692308 1.0256410256410255
1482 0 1.2307692307692308 1.0769230769230769
1483 0 1.2307692307692308 1.1282051282051282
1484 0 1.2307692307692308 1.1794871794871795
1485 0 1.2307692307692308 1.2307692307692308
1486 0 1.2307692307692308 1.282051282051282
1487 0 1.2307692307692308 1.3333333333333333
1488 0 1.2307692307692308 1.3846153846153846
1489 0 1.2307692307692308 1.435897435897436
1490 0 1.2307692307692308 1.4871794871794872
1491 0 1.2307692307692308 1.5384615384615383
1492 0 1.2307692307692308 1.5897435897435896
1493 0 1.2307692307692308 1.641025641025641
1494 0 1.2307692307692308 1.6923076923076923
1495 0 1.2307692307692308 1.7435897435897436
1496 0 1.2307692307692308 1.7948717948717947
1497 0 1.2307692307692308 1.846153846153846
1498 0 1.2307692307692308 1.8974358974358974
1499 0 1.2307692307692308 1.9487179487179487
1500 0 1.2307692307692308 2.0
1501 1 1.282051282051282 0.0
1502 1 1.282051282051282 0.05128205128205128
1503 1 1.282051282051282 0.10256410256410256
1504 1 1.282051282051282 0.15384615384615385
1505 1 1.282051282051282 0.20512820512820512
1506 1 1.282051282051282 0.2564102564102564
1507 1 1.282051282051282 0.3076923076923077
1508 1 1.282051282051282 0.358974358974359
1509 1 1.282051282051282 0.41025641025641024
1510 1 1.282051282051282 0.4615384615384615
1511 1 1.282051282051282 0.5128205128205128
1512 1 1.282051282051282 0.5641025641025641
1513 1 1.282051282051282 0.6153846153846154
1514 1 1.282051282051282 0.6666666666666666
1515 1 1.282051282051282 0.717948717948718
1516 1 1.282051282051282 0.7692307692307692
1517 1 1.282051282051282 0.8205128205128205
1518 1 1.282051282051282 0.8717948717948718
1519 1 1.282051282051282 0.923076923076923
1520 1 1.282051282051282 0.9743589743589743
1521 0 1.282051282051282 1.0256410256410255
1522 0 1.282051282051282 1.0769230769230769
1523 0 1.282051282051282 1.1282051282051282
1524 0 1.282051282051282 1.1794871794871795
1525 0 1.282051282051282 1.2307692307692308
1526 0 1.282051282051282 1.282051282051282
1527 0 1.282051282051282 1.3333333333333333
1528 0 1.282051282051282 1.3846153846153846
1529 0 1.282051282051282 1.435897435897436
1530 0 1.282051282051282 1.4871794871794872
1531 0 1.282051282051282 1.5384615384615383
1532 0 1.282051282051282 1.5897435897435896
1533 0 1.282051282051282 1.641025641025641
1534 0 1.282051282051282 1.6923076923076923
1535 0 1.282051282051282 1.7435897435897436
1536 0 1.282051282051282 1.7948717948717947
1537 0 1.282051282051282 1.846153846153846
1538 0 1.282051282051282 1.8974358974358974
1539 0 1.282051282051282 1.9487179487179487
1540 0 1.282051282051282 2.0
1541 1 1.3333333333333333 0.0
1542 1 1.3333333333333333 0.05128205128205128
1543 1 1.3333333333333333 0.10256410256410256
1544 1 1.3333333333333333 0.15384615384615385
1545 1 1.3333333333333333 0.20512820512820512
1546 1 1.3333333333333333 0.2564102564102564
1547 1 1.3333333333333333 0.3076923076923077
1548 1 1.3333333333333333 0.358974358974359
1549 1 1.3333333333333333 0.41025641025641024
1550 1 1.3333333333333333 0.4615384615384615
1551 1 1.3333333333333333 0.5128205128205128
1552 1 1.3333333333333333 0.5641025641025641
1553 1 1.3333333333333333 0.6153846153846154
1554 1 1.3333333333333333 0.6666666666666666
1555 1 1.3333333333333333 0.717948717948718
1556 1 1.3333333333333333 0.7692307692307692
1557 1 1.3333333333333333 0.8205128205128205
1558 1 1.3333333333333333 0.8717948717948718
1559 1 1.3333333333333333 0.923076923076923
1560 1 1.3333333333333333 0.9743589743589743
1561 0 1.3333333333333333 1.0256410256410255
1562 0 1.3333333333333333 1.0769230769230769
1563 0 1.3333333333333333 1.1282051282051282
1564 0 1.3333333333333333 1.1794871794871795
1565 0 1.3333333333333333 1.2307692307692308
1566 0 1.3333333333333333 1.282051282051282
1567 0 1.3333333333333333 1.3333333333333333
1568 0 1.3333333333333333 1.3846153846153846
1569 0 1.3333333333333333 1.435897435897436
1570 0 1.3333333333333333 1.4871794871794872
1571 0 1.3333333333333333 1.5384615384615383
1572 0 1.3333333333333333 1.5897435897435896
1573 0 1.3333333333333333 1.641025641025641
1574 0 1.3333333333333333 1.6923076923076923
1575 0 1.3333333333333333 1.7435897435897436
1576 0 1.3333333333333333 1.7948717948717947
1577 0 1.3333333333333333 1.846153846153846
1578 0 1.3333333333333333 1.8974358974358974
1579 0 1.3333333333333333 1.9487179487179487
1580 0 1.3333333333333333 2.0
1581 1 1.3846153846153846 0.0
1582 1 1.3846153846153846 0.05128205128205128
1583 1 1.3846153846153846 0.10256410256410256
1584 1 1.3846153846153846 0.15384615384615385
1585 1 1.3846153846153846 0.20512820512820512
1586 1 1.3846153846153846 0.2564102564102564
1587 1 1.3846153846153846 0.3076923076923077
1588 1 1.3846153846153846 0.358974358974359
1589 1 1.3846153846153846 0.41025641025641024
1590 1 1.3846153846153846 0.4615384615384615
1591 1 1.3846153846153846 0.5128205128205128
1592 1 1.3846153846153846 0.5641025641025641
1593 1 1.3846153846153846 0.6153846153846154
1594 1 1.3846153846153846 0.6666666666666666
1595 1 1.3846153846153846 0.717948717948718
1596 1 1.3846153846153846 0.7692307692307692
1597 1 1.3846153846153846 0.8205128205128205
1598 1 1.3846153846153846 0.8717948717948718
1599 1 1.3846153846153846 0.923076923076923
1600 1 1.3846153846153846 0.9743589743589743
1601 0 1.3846153846153846 1.0256410256410255
1602 0 1.3846153846153846 1.0769230769230769
1603 0 1.3846153846153846 1.1282051282051282
1604 0 1.3846153846153846 1.1794871794871795
1605 0 1.3846153846153846 1.2307692307692308
1606 0 1.3846153846153846 1.282051282051282
1607 0 1.3846153846153846 1.3333333333333333
1608 0 1.3846153846153846 1.3846153846153846
1609 0 1.3846153846153846 1.435897435897436
1610 0 1.3846153846153846 1.4871794871794872
1611 0 1.3846153846153846 1.5384615384615383
1612 0 1.3846153846153846 1.5897435897435896
1613 0 1.3846153846153846 1.641025641025641
1614 0 1.3846153846153846 1.6923076923076923
1615 0 1.3846153846153846 1.7435897435897436
1616 0 1.3846153846153846 1.7948717948717947
1617 0 1.3846153846153846 1.846153846153846
1618 0 1.3846153846153846 1.8974358974358974
1619 0 1.3846153846153846 1.9487179487179487
1620 0 1.3846153846153846 2.0
1621 1 1.435897435897436 0.0
1622 1 1.435897435897436 0.05128205128205128
1623 1 1.435897435897436 0.10256410256410256
1624 1 1.435897435897436 0.15384615384615385
1625 1 1.435897435897436 0.20512820512820512
1626 1 1.435897435897436 0.2564102564102564
1627 1 1.435897435897436 0.3076923076923077
1628 1 1.435897435897436 0.358974358974359
1629 1 1.435897435897436 0.41025641025641024
1630 1 1.435897435897436 0.4615384615384615
1631 1 1.435897435897436 0.5128205128205128
1632 1 1.435897435897436 0.5641025641025641
1633 1 1.435897435897436 0.6153846153846154
1634 1 1.435897435897436 0.6666666666666666
1635 1 1.435897435897436 0.717948717948718
1636 1 1.435897435897436 0.7692307692307692
1637 1 1.435897435897436 0.8205128205128205
1638 1 1.435897435897436 0.8717948717948718
1639 1 1.435897435897436 0.923076923076923
1640 1 1.435897435897436 0.9743589743589743
1641 0 1.435897435897436 1.0256410256410255
1642 0 1.435897435897436 1.0769230769230769
1643 0 1.435897435897436 1.1282051282051282
1644 0 1.435897435897436 1.1794871794871795
1645 0 1.435897435897436 1.2307692307692308
1646 0 1.435897435897436 1.282051282051282
1647 0 1.435897435897436 1.3333333333333333
1648 0 1.435897435897436 1.3846153846153846
1649 0 1.435897435897436 1.435897435897436
1650 0 1.435897435897436 1.4871794871794872
1651 0 1.435897435897436 1.5384615384615383
1652 0 1.435897435897436 1.5897435897435896
1653 0 1.435897435897436 1.641025641025641
1654 0 1.435897435897436 1.6923076923076923
1655 0 1.435897435897436 1.7435897435897436
1656 0 1.435897435897436 1.7948717948717947
1657 0 1.435897435897436 1.846153846153846
1658 0 1.435897435897436 1.8974358974358974
1659 0 1.435897435897436 1.9487179487179487
1660 0 1.435897435897436 2.0
1661 1 1.4871794871794872 0.0
1662 1 1.4871794871794872 0.05128205128205128
1663 1 1.4871794871794872 0.10256410256410256
1664 1 1.4871794871794872 0.15384615384615385
1665 1 1.4871794871794872 0.20512820512820512
1666 1 1.4871794871794872 0.2564102564102564
1667 1 1.4871794871794872 0.3076923076923077
1668 1 1.4871794871794872 0.358974358974359
1669 1 1.4871794871794872 0.41025641025641024
1670 1 1.4871794871794872 0.4615384615384615
1671 1 1.4871794871794872 0.5128205128205128
1672 1 1.4871794871794872 0.5641025641025641
1673 1 1.4871794871794872 0.6153846153846154
1674 1 1.4871794871794872 0.6666666666666666
1675 1 1.4871794871794872 0.717948717948718
1676 1 1.4871794871794872 0.7692307692307692
1677 1 1.4871794871794872 0.8205128205128205
1678 1 1.4871794871794872 0.8717948717948718
1679 1 1.4871794871794872 0.923076923076923
1680 1 1.4871794871794872 0.9743589743589743
1681 0 1.4871794871794872 1.0256410256410255
1682 0 1.4871794871794872 1.0769230769230769
1683 0 1.4871794871794872 1.1282051282051282
1684 0 1.4871794871794872 1.1794871794871795
1685 0 1.4871794871794872 1.2307692307692308
1686 0 1.4871794871794872 1.282051282051282
1687 0 1.4871794871794872 1.3333333333333333
1688 0 1.4871794871794872 1.3846153846153846
1689 0 1.4871794871794872 1.435897435897436
1690 0 1.4871794871794872 1.4871794871794872
1691 0 1.4871794871794872 1.5384615384615383
1692 0 1.4871794871794872 1.5897435897435896
1693 0 1.4871794871794872 1.641025641025641
1694 0 1.4871794871794872 1.6923076923076923
1695 0 1.4871794871794872 1.7435897435897436
1696 0 1.4871794871794872 1.7948717948717947
1697 0 1.4871794871794872 1.846153846153846
1698 0 1.4871794871794872 1.8974358974358974
1699 0 1.4871794871794872 1.9487179487179487
1700 0 1.4871794871794872 2.0
1701 1 1.5384615384615383 0.0
1702 1 1.5384615384615383 0.05128205128205128
1703 1 1.5384615384615383 0.10256410256410256
1704 1 1.5384615384615383 0.15384615384615385
1705 1 1.5384615384615383 0.20512820512820512
1706 1 1.5384615384615383 0.2564102564102564
1707 1 1.5384615384615383 0.3076923076923077
1708 1 1.5384615384615383 0.358974358974359
1709 1 1.5384615384615383 0.41025641025641024
1710 1 1.5384615384615383 0.4615384615384615
1711 1 1.5384615384615383 0.5128205128205128
1712 1 1.5384615384615383 0.5641025641025641
1713 1 1.5384615384615383 0.6153846153846154
1714 1 1.5384615384615383 0.6666666666666666
1715 1 1.5384615384615383 0.717948717948718
1716 1 1.5384615384615383 0.7692307692307692
1717 1 1.5384615384615383 0.8205128205128205
1718 1 1.5384615384615383 0.8717948717948718
1719 1 1.5384615384615383 0.923076923076923
1720 1 1.5384615384615383 0.9743589743589743
1721 0 1.5384615384615383 1.0256410256410255
1722 0 1.5384615384615383 1.0769230769230769
1723 0 1.5384615384615383 1.1282051282051282
1724 0 1.5384615384615383 1.1794871794871795
1725 0 1.5384615384615383 1.2307692307692308
1726 0 1.5384615384615383 1.282051282051282
1727 0 1.5384615384615383 1.3333333333333333
1728 0 1.5384615384615383 1.3846153846153846
1729 0 1.5384615384615383 1.435897435897436
1730 0 1.5384615384615383 1.4871794871794872
1731 0 1.5384615384615383 1.5384615384615383
1732 0 1.5384615384615383 1.5897435897435896
1733 0 1.5384615384615383 1.641025641025641
1734 0 1.5384615384615383 1.6923076923076923
1735 0 1.5384615384615383 1.7435897435897436
1736 0 1.5384615384615383 1.7948717948717947
1737 0 1.5384615384615383 1.846153846153846
1738 0 1.5384615384615383 1.8974358974358974
1739 0 1.5384615384615383 1.9487179487179487
1740 0 1.5384615384615383 2.0
1741 1 1.5897435897435896 0.0
1742 1 1.5897435897435896 0.05128205128205128
1743 1 1.5897435897435896 0.10256410256410256
1744 1 1.5897435897435896 0.15384615384615385
1745 1 1.5897435897435896 0.20512820512820512
1746 1 1.5897435897435896 0.2564102564102564
1747 1 1.5897435897435896 0.3076923076923077
1748 1 1.5897435897435896 0.358974358974359
1749 1 1.5897435897435896 0.41025641025641024
1750 1 1.5897435897435896 0.4615384615384615
1751 1 1.5897435897435896 0.5128205128205128
1752 1 1.5897435897435896 0.5641025641025641
1753 1 1.5897435897435896 0.6153846153846154
1754 1 1.5897435897435896 0.6666666666666666
1755 1 1.5897435897435896 0.717948717948718
1756 1 1.5897435897435896 0.7692307692307692
1757 1 1.5897435897435896 0.8205128205128205
1758 1 1.5897435897435896 0.8717948717948718
1759 1 1.5897435897435896 0.923076923076923
1760 1 1.5897435897435896 0.9743589743589743
1761 0 1.5897435897435896 1.0256410256410255
1762 0 1.5897435897435896 1.0769230769230769
1763 0 1.5897435897435896 1.1282051282051282
1764 0 1.5897435897435896 1.1794871794871795
1765 0 1.5897435897435896 1.2307692307692308
1766 0 1.5897435897435896 1.282051282051282
1767 0 1.5897435897435896 1.3333333333333333
1768 0 1.5897435897435896 1.3846153846153846
1769 0 1.5897435897435896 1.435897435897436
1770 0 1.5897435897435896 1.4871794871794872
1771 0 1.5897435897435896 1.5384615384615383
1772 0 1.5897435897435896 1.5897435897435896
1773 0 1.5897435897435896 1.641025641025641
1774 0 1.5897435897435896 1.6923076923076923
1775 0 1.5897435897435896 1.7435897435897436
1776 0 1.5897435897435896 1.7948717948717947
1777 0 1.5897435897435896 1.846153846153846
1778 0 1.5897435897435896 1.8974358974358974
1779 0 1.5897435897435896 1.9487179487179487
1780 0 1.5897435897435896 2.0
1781 1 1.641025641025641 0.0
1782 1 1.641025641025641 0.05128205128205128
1783 1 1.641025641025641 0.10256410256410256
1784 1 1.641025641025641 0.15384615384615385
1785 1 1.641025641025641 0.20512820512820512
1786 1 1.641025641025641 0.2564102564102564
1787 1 1.641025641025641 0.3076923076923077
1788 1 1.641025641025641 0.358974358974359
1789 1 1.641025641025641 0.41025641025641024
1790 1 1.641025641025641 0.4615384615384615
1791 1 1.641025641025641 0.5128205128205128
1792 1 1.641025641025641 0.5641025641025641
1793 1 1.641025641025641 0.6153846153846154
1794 1 1.641025641025641 0.6666666666666666
1795 1 1.641025641025641 0.717948717948718
1796 1 1.641025641025641 0.7692307692307692
1797 1 1.641025641025641 0.8205128205128205
1798 1 1.641025641025641 0.8717948717948718
1799 1 1.641025641025641 0.923076923076923
1800 1 1.641025641025641 0.9743589743589743
1801 0 1.641025641025641 1.0256410256410255
1802 0 1.641025641025641 1.0769230769230769
1803 0 1.641025641025641 1.1282051282051282
1804 0 1.641025641025641 1.1794871794871795
1805 0 1.641025641025641 1.2307692307692308
1806 0 1.641025641025641 1.282051282051282
1807 0 1.641025641025641 1.3333333333333333
1808 0 1.641025641025641 1.3846153846153846
1809 0 1.641025641025641 1.435897435897436
1810 0 1.641025641025641 1.4871794871794872
1811 0 1.641025641025641 1.5384615384615383
1812 0 1.641025641025641 1.5897435897435896
1813 0 1.641025641025641 1.641025641025641
1814 0 1.641025641025641 1.6923076923076923
1815 0 1.641025641025641 1.7435897435897436
1816 0 1.641025641025641 1.7948717948717947
1817 0 1.641025641025641 1.846153846153846
1818 0 1.641025641025641 1.8974358974358974
1819 0 1.641025641025641 1.9487179487179487
1820 0 1.641025641025641 2.0
1821 1 1.6923076923076923 0.0
1822 1 1.6923076923076923 0.05128205128205128
1823 1 1.6923076923076923 0.10256410256410256
1824 1 1.6923076923076923 0.15384615384615385
1825 1 1.6923076923076923 0.20512820512820512
1826 1 1.6923076923076923 0.2564102564102564
1827 1 1.6923076923076923 0.3076923076923077
1828 1 1.6923076923076923 0.358974358974359
1829 1 1.6923076923076923 0.41025641025641024
1830 1 1.6923076923076923 0.4615384615384615
1831 1 1.6923076923076923 0.5128205128205128
1832 1 1.6923076923076923 0.5641025641025641
1833 1 1.6923076923076923 0.6153846153846154
1834 1 1.6923076923076923 0.6666666666666666
1835 1 1.6923076923076923 0.717948717948718
1836 1 1.6923076923076923 0.7692307692307692
1837 1 1.6923076923076923 0.8205128205128205
1838 1 1.6923076923076923 0.8717948717948718
1839 1 1.6923076923076923 0.923076923076923
1840 1 1.6923076923076923 0.9743589743589743
1841 0 1.6923076923076923 1.0256410256410255
1842 0 1.6923076923076923 1.0769230769230769
1843 0 1.6923076923076923 1.1282051282051282
1844 0 1.6923076923076923 1.1794871794871795
1845 0 1.6923076923076923 1.2307692307692308
1846 0 1.6923076923076923 1.282051282051282
1847 0 1.6923076923076923 1.3333333333333333
1848 0 1.6923076923076923 1.3846153846153846
1849 0 1.6923076923076923 1.435897435897436
1850 0 1.6923076923076923 1.4871794871794872
1851 0 1.6923076923076923 1.5384615384615383
1852 0 1.6923076923076923 1.5897435897435896
1853 0 1.6923076923076923 1.641025641025641
1854 0 1.6923076923076923 1.6923076923076923
1855 0 1.6923076923076923 1.7435897435897436
1856 0 1.6923076923076923 1.7948717948717947
1857 0 1.6923076923076923 1.846153846153846
1858 0 1.6923076923076923 1.8974358974358974
1859 0 1.6923076923076923 1.9487179487179487
1860 0 1.6923076923076923 2.0
1861 1 1.7435897435897436 0.0
1862 1 1.7435897435897436 0.05128205128205128
1863 1 1.7435897435897436 0.10256410256410256
1864 1 1.7435897435897436 0.15384615384615385
1865 1 1.7435897435897436 0.20512820512820512
1866 1 1.7435897435897436 0.2564102564102564
1867 1 1.7435897435897436 0.3076923076923077
1868 1 1.7435897435897436 0.358974358974359
1869 1 1.7435897435897436 0.41025641025641024
1870 1 1.7435897435897436 0.4615384615384615
1871 1 1.7435897435897436 0.5128205128205128
1872 1 1.7435897435897436 0.5641025641025641
1873 1 1.7435897435897436 0.6153846153846154
1874 1 1.7435897435897436 0.6666666666666666
1875 1 1.7435897435897436 0.717948717948718
1876 1 1.7435897435897436 0.7692307692307692
1877 1 1.7435897435897436 0.8205128205128205
1878 1 1.7435897435897436 0.8717948717948718
1879 1 1.7435897435897436 0.923076923076923
1880 1 1.7435897435897436 0.9743589743589743
1881 0 1.7435897435897436 1.0256410256410255
1882 0 1.7435897435897436 1.0769230769230769
1883 0 1.7435897435897436 1.1282051282051282
1884 0 1.7435897435897436 1.1794871794871795
1885 0 1.7435897435897436 1.2307692307692308
1886 0 1.7435897435897436 1.282051282051282
1887 0 1.7435897435897436 1.3333333333333333
1888 0 1.7435897435897436 1.3846153846153846
1889 0 1.7435897435897436 1.435897435897436
1890 0 1.7435897435897436 1.4871794871794872
1891 0 1.7435897435897436 1.5384615384615383
1892 0 1.7435897435897436 1.5897435897435896
1893 0 1.7435897435897436 1.641025641025641
1894 0 1.7435897435897436 1.6923076923076923
1895 0 1.7435897435897436 1.7435897435897436
1896 0 1.7435897435897436 1.7948717948717947
1897 0 1.7435897435897436 1.846153846153846
1898 0 1.7435897435897436 1.8974358974358974
1899 0 1.7435897435897436 1.9487179487179487
1900 0 1.7435897435897436 2.0
1901 1 1.7948717948717947 0.0
1902 1 1.7948717948717947 0.05128205128205128
1903 1 1.7948717948717947 0.10256410256410256
1904 1 1.7948717948717947 0.15384615384615385
1905 1 1.7948717948717947 0.20512820512820512
1906 1 1.7948717948717947 0.2564102564102564
1907 1 1.7948717948717947 0.3076923076923077
1908 1 1.7948717948717947 0.358974358974359
1909 1 1.7948717948717947 0.41025641025641024
1910 1 1.7948717948717947 0.4615384615384615
1911 1 1.7948717948717947 0.5128205128205128
1912 1 1.7948717948717947 0.5641025641025641
1913 1 1.7948717948717947 0.6153846153846154
1914 1 1.7948717948717947 0.6666666666666666
1915 1 1.7948717948717947 0.717948717948718
1916 1 1.7948717948717947 0.7692307692307692
1917 1 1.7948717948717947 0.8205128205128205
1918 1 1.7948717948717947 0.8717948717948718
1919 1 1.7948717948717947 0.923076923076923
1920 1 1.7948717948717947 0.9743589743589743
1921 0 1.7948717948717947 1.0256410256410255
1922 0 1.7948717948717947 1.0769230769230769
1923 0 1.7948717948717947 1.1282051282051282
1924 0 1.7948717948717947 1.1794871794871795
1925 0 1.7948717948717947 1.2307692307692308
1926 0 1.7948717948717947 1.282051282051282
1927 0 1.7948717948717947 1.3333333333333333
1928 0 1.7948717948717947 1.3846153846153846
1929 0 1.7948717948717947 1.435897435897436
1930 0 1.7948717948717947 1.4871794871794872
1931 0 1.7948717948717947 1.5384615384615383
1932 0 1.7948717948717947 1.5897435897435896
1933 0 1.7948717948717947 1.641025641025641
1934 0 1.7948717948717947 1.6923076923076923
1935 0 1.7948717948717947 1.7435897435897436
1936 0 1.7948717948717947 1.7948717948717947
1937 0 1.7948717948717947 1.846153846153846
1938 0 1.7948717948717947 1.8974358974358974
1939 0 1.7948717948717947 1.9487179487179487
1940 0 1.7948717948717947 2.0
1941 1 1.846153846153846 0.0
1942 1 1.846153846153846 0.05128205128205128
1943 1 1.846153846153846 0.10256410256410256
1944 1 1.846153846153846 0.15384615384615385
1945 1 1.846153846153846 0.20512820512820512
1946 1 1.846153846153846 0.2564102564102564
1947 1 1.846153846153846 0.3076923076923077
1948 1 1.846153846153846 0.358974358974359
1949 1 1.846153846153846 0.41025641025641024
1950 1 1.846153846153846 0.4615384615384615
1951 1 1.846153846153846 0.5128205128205128
1952 1 1.846153846153846 0.5641025641025641
1953 1 1.846153846153846 0.6153846153846154
1954 1 1.846153846153846 0.6666666666666666
1955 1 1.846153846153846 0.717948717948718
1956 1 1.846153846153846 0.7692307692307692
1957 1 1.846153846153846 0.8205128205128205
1958 1 1.846153846153846 0.8717948717948718
1959 1 1.846153846153846 0.923076923076923
1960 1 1.846153846153846 0.9743589743589743
1961 0 1.846153846153846 1.0256410256410255
1962 0 1.846153846153846 1.0769230769230769
1963 0 1.846153846153846 1.1282051282051282
1964 0 1.846153846153846 1.1794871794871795
1965 0 1.846153846153846 1.2307692307692308
1966 0 1.846153846153846 1.282051282051282
1967 0 1.846153846153846 1.3333333333333333
1968 0 1.846153846153846 1.3846153846153846
1969 0 1.846153846153846 1.435897435897436
1970 0 1.846153846153846 1.4871794871794872
1971 0 1.846153846153846 1.5384615384615383
1972 0 1.846153846153846 1.5897435897435896
1973 0 1.846153846153846 1.641025641025641
1974 0 1.846153846153846 1.6923076923076923
1975 0 1.846153846153846 1.7435897435897436
1976 0 1.846153846153846 1.7948717948717947
1977 0 1.846153846153846 1.846153846153846
1978 0 1.846153846153846 1.8974358974358974
1979 0 1.846153846153846 1.9487179487179487
1980 0 1.846153846153846 2.0
1981 1 1.8974358974358974 0.0
1982 1 1.8974358974358974 0.05128205128205128
1983 1 1.8974358974358974 0.10256410256410256
1984 1 1.8974358974358974 0.15384615384615385
1985 1 1.8974358974358974 0.20512820512820512
1986 1 1.8974358974358974 0.2564102564102564
1987 1 1.8974358974358974 0.3076923076923077
1988 1 1.8974358974358974 0.358974358974359
1989 1 1.8974358974358974 0.41025641025641024
1990 1 1.8974358974358974 0.4615384615384615
1991 1 1.8974358974358974 0.5128205128205128
1992 1 1.8974358974358974 0.5641025641025641
1993 1 1.8974358974358974 0.6153846153846154
1994 1 1.8974358974358974 0.6666666666666666
1995 1 1.8974358974358974 0.717948717948718
1996 1 1.8974358974358974 0.7692307692307692
1997 1 1.8974358974358974 0.8205128205128205
1998 1 1.8974358974358974 0.8717948717948718
1999 1 1.8974358974358974 0.923076923076923
2000 1 1.8974358974358974 0.9743589743589743
2001 0 1.8974358974358974 1.0256410256410255
2002 0 1.8974358974358974 1.0769230769230769
2003 0 1.8974358974358974 1.1282051282051282
2004 0 1.8974358974358974 1.1794871794871795
2005 0 1.8974358974358974 1.2307692307692308
2006 0 1.8974358974358974 1.282051282051282
2007 0 1.8974358974358974 1.3333333333333333
2008 0 1.8974358974358974 1.3846153846153846
2009 0 1.8974358974358974 1.435897435897436
2010 0 1.8974358974358974 1.4871794871794872
2011 0 1.8974358974358974 1.5384615384615383
2012 0 1.8974358974358974 1.5897435897435896
2013 0 1.8974358974358974 1.641025641025641
2014 0 1.8974358974358974 1.6923076923076923
2015 0 1.8974358974358974 1.7435897435897436
2016 0 1.8974358974358974 1.7948717948717947
2017 0 1.8974358974358974 1.846153846153846
2018 0 1.8974358974358974 1.8974358974358974
2019 0 1.8974358974358974 1.9487179487179487
2020 0 1.8974358974358974 2.0
2021 1 1.9487179487179487 0.0
2022 1 1.9487179487179487 0.05128205128205128
2023 1 1.9487179487179487 0.10256410256410256
2024 1 1.9487179487179487 0.15384615384615385
2025 1 1.9487179487179487 0.20512820512820512
2026 1 1.9487179487179487 0.2564102564102564
2027 1 1.9487179487179487 0.3076923076923077
2028 1 1.9487179487179487 0.358974358974359
2029 1 1.9487179487179487 0.41025641025641024
2030 1 1.9487179487179487 0.4615384615384615
2031 1 1.9487179487179487 0.5128205128205128
2032 1 1.9487179487179487 0.5641025641025641
2033 1 1.9487179487179487 0.6153846153846154
2034 1 1.9487179487179487 0.6666666666666666
2035 1 1.9487179487179487 0.717948717948718
2036 1 1.9487179487179487 0.7692307692307692
2037 1 1.9487179487179487 0.8205128205128205
2038 1 1.9487179487179487 0.8717948717948718
2039 1 1.9487179487179487 0.923076923076923
2040 1 1.9487179487179487 0.9743589743589743
2041 0 1.9487179487179487 1.0256410256410255
2042 0 1.9487179487179487 1.0769230769230769
2043 0 1.9487179487179487 1.1282051282051282
2044 0 1.9487179487179487 1.1794871794871795
2045 0 1.9487179487179487 1.2307692307692308
2046 0 1.9487179487179487 1.282051282051282
2047 0 1.9487179487179487 1.3333333333333333
2048 0 1.9487179487179487 1.3846153846153846
2049 0 1.9487179487179487 1.435897435897436
2050 0 1.9487179487179487 1.4871794871794872
2051 0 1.9487179487179487 1.5384615384615383
2052 0 1.9487179487179487 1.5897435897435896
2053 0 1.9487179487179487 1.641025641025641
2054 0 1.9487179487179487 1.6923076923076923
2055 0 1.9487179487179487 1.7435897435897436
2056 0 1.9487179487179487 1.7948717948717947
2057 0 1.9487179487179487 1.846153846153846
2058 0 1.9487179487179487 1.8974358974358974
2059 0 1.9487179487179487 1.9487179487179487
2060 0 1.9487179487179487 2.0
2061 1 2.0 0.0
2062 1 2.0 0.05128205128205128
2063 1 2.0 0.10256410256410256
2064 1 2.0 0.15384615384615385
2065 1 2.0 0.20512820512820512
2066 1 2.0 0.2564102564102564
2067 1 2.0 0.3076923076923077
2068 1 2.0 0.358974358974359
2069 1 2.0 0.41025641025641024
2070 1 2.0 0.4615384615384615
2071 1 2.0 0.5128205128205128
2072 1 2.0 0.5641025641025641
2073 1 2.0 0.6153846153846154
2074 1 2.0 0.6666666666666666
2075 1 2.0 0.717948717948718
2076 1 2.0 0.7692307692307692
2077 1 2.0 0.8205128205128205
2078 1 2.0 0.8717948717948718
2079 1 2.0 0.923076923076923
2080 1 2.0 0.9743589743589743
2081 0 2.0 1.0256410256410255
2082 0 2.0 1.0769230769230769
2083 0 2.0 1.1282051282051282
2084 0 2.0 1.1794871794871795
2085 0 2.0 1.2307692307692308
2086 0 2.0 1.282051282051282
2087 0 2.0 1.3333333333333333
2088 0 2.0 1.3846153846153846
2089 0 2.0 1.435897435897436
2090 0 2.0 1.4871794871794872
2091 0 2.0 1.5384615384615383
2092 0 2.0 1.5897435897435896
2093 0 2.0 1.641025641025641
2094 0 2.0 1.6923076923076923
2095 0 2.0 1.7435897435897436
2096 0 2.0 1.7948717948717947
2097 0 2.0 1.846153846153846
2098 0 2.0 1.8974358974358974
2099 0 2.0 1.9487179487179487
2100 0 2.0 2.0
