101 0 0.0 0.0
102 0 0.0 0.10526315789473684
103 0 0.0 0.21052631578947367
104 0 0.0 0.3157894736842105
105 0 0.0 0.42105263157894735
106 0 0.0 0.5263157894736842
107 0 0.0 0.631578947368421
108 0 0.0 0.7368421052631579
109 0 0.0 0.8421052631578947
110 0 0.0 0.9473684210526315
111 1 0.0 1.0526315789473684
112 1 0.0 1.1578947368421053
113 1 0.0 1.263157894736842
114 1 0.0 1.3684210526315788
115 1 0.0 1.4736842105263157
116 1 0.0 1.5789473684210527
117 1 0.0 1.6842105263157894
118 1 0.0 1.789473684210526
119 1 0.0 1.894736842105263
120 1 0.0 2.0
121 0 0.10526315789473684 0.0
122 0 0.10526315789473684 0.10526315789473684
123 0 0.10526315789473684 0.21052631578947367
124 0 0.10526315789473684 0.3157894736842105
125 0 0.10526315789473684 0.42105263157894735
126 0 0.10526315789473684 0.5263157894736842
127 0 0.10526315789473684 0.631578947368421
128 0 0.10526315789473684 0.7368421052631579
129 0 0.10526315789473684 0.8421052631578947
130 0 0.10526315789473684 0.9473684210526315
131 1 0.10526315789473684 1.0526315789473684
132 1 0.10526315789473684 1.1578947368421053
133 1 0.10526315789473684 1.263157894736842
134 1 0.10526315789473684 1.3684210526315788
135 1 0.10526315789473684 1.4736842105263157
136 1 0.10526315789473684 1.5789473684210527
137 1 0.10526315789473684 1.6842105263157894
138 1 0.10526315789473684 1.789473684210526
139 1 0.10526315789473684 1.894736842105263
140 1 0.10526315789473684 2.0
141 0 0.21052631578947367 0.0
142 0 0.21052631578947367 0.10526315789473684
143 0 0.21052631578947367 0.21052631578947367
144 0 0.21052631578947367 0.3157894736842105
145 0 0.21052631578947367 0.42105263157894735
146 0 0.21052631578947367 0.5263157894736842
147 0 0.21052631578947367 0.631578947368421
148 0 0.21052631578947367 0.7368421052631579
149 0 0.21052631578947367 0.8421052631578947
150 0 0.21052631578947367 0.9473684210526315
151 1 0.21052631578947367 1.0526315789473684
152 1 0.21052631578947367 1.1578947368421053
153 1 0.21052631578947367 1.263157894736842
154 1 0.21052631578947367 1.3684210526315788
155 1 0.21052631578947367 1.4736842105263157
156 1 0.21052631578947367 1.5789473684210527
157 1 0.21052631578947367 1.6842105263157894
158 1 0.21052631578947367 1.789473684210526
159 1 0.21052631578947367 1.894736842105263
160 1 0.21052631578947367 2.0
161 0 0.3157894736842105 0.0
162 0 0.3157894736842105 0.10526315789473684
163 0 0.3157894736842105 0.21052631578947367
164 0 0.3157894736842105 0.3157894736842105
165 0 0.3157894736842105 0.42105263157894735
166 0 0.3157894736842105 0.5263157894736842
167 0 0.3157894736842105 0.631578947368421
168 0 0.3157894736842105 0.7368421052631579
169 0 0.3157894736842105 0.8421052631578947
170 0 0.3157894736842105 0.9473684210526315
171 1 0.3157894736842105 1.0526315789473684
172 1 0.3157894736842105 1.1578947368421053
173 1 0.3157894736842105 1.263157894736842
174 1 0.3157894736842105 1.3684210526315788
175 1 0.3157894736842105 1.4736842105263157
176 1 0.3157894736842105 1.5789473684210527
177 1 0.3157894736842105 1.6842105263157894
178 1 0.3157894736842105 1.789473684210526
179 1 0.3157894736842105 1.894736842105263
180 1 0.3157894736842105 2.0
181 0 0.42105263157894735 0.0
182 0 0.42105263157894735 0.10526315789473684
183 0 0.42105263157894735 0.21052631578947367
184 0 0.42105263157894735 0.3157894736842105
185 0 0.42105263157894735 0.42105263157894735
186 0 0.42105263157894735 0.5263157894736842
187 0 0.42105263157894735 0.631578947368421
188 0 0.42105263157894735 0.7368421052631579
189 0 0.42105263157894735 0.8421052631578947
190 0 0.42105263157894735 0.9473684210526315
191 1 0.42105263157894735 1.0526315789473684
192 1 0.42105263157894735 1.1578947368421053
193 1 0.42105263157894735 1.263157894736842
194 1 0.42105263157894735 1.3684210526315788
195 1 0.42105263157894735 1.4736842105263157
196 1 0.42105263157894735 1.5789473684210527
197 1 0.42105263157894735 1.6842105263157894
198 1 0.42105263157894735 1.789473684210526
199 1 0.42105263157894735 1.894736842105263
200 1 0.42105263157894735 2.0
201 0 0.5263157894736842 0.0
202 0 0.5263157894736842 0.10526315789473684
203 0 0.5263157894736842 0.21052631578947367
204 0 0.5263157894736842 0.3157894736842105
205 0 0.5263157894736842 0.42105263157894735
206 0 0.5263157894736842 0.5263157894736842
207 0 0.5263157894736842 0.631578947368421
208 0 0.5263157894736842 0.7368421052631579
209 0 0.5263157894736842 0.8421052631578947
210 0 0.5263157894736842 0.9473684210526315
211 1 0.5263157894736842 1.0526315789473684
212 1 0.5263157894736842 1.1578947368421053
213 1 0.5263157894736842 1.263157894736842
214 1 0.5263157894736842 1.3684210526315788
215 1 0.5263157894736842 1.4736842105263157
216 1 0.5263157894736842 1.5789473684210527
217 1 0.5263157894736842 1.6842105263157894
218 1 0.5263157894736842 1.789473684210526
219 1 0.5263157894736842 1.894736842105263
220 1 0.5263157894736842 2.0
221 0 0.631578947368421 0.0
222 0 0.631578947368421 0.10526315789473684
223 0 0.631578947368421 0.21052631578947367
224 0 0.631578947368421 0.3157894736842105
225 0 0.631578947368421 0.42105263157894735
226 0 0.631578947368421 0.5263157894736842
227 0 0.631578947368421 0.631578947368421
228 0 0.631578947368421 0.7368421052631579
229 0 0.631578947368421 0.8421052631578947
230 0 0.631578947368421 0.9473684210526315
231 1 0.631578947368421 1.0526315789473684
232 1 0.631578947368421 1.1578947368421053
233 1 0.631578947368421 1.263157894736842
234 1 0.631578947368421 1.3684210526315788
235 1 0.631578947368421 1.4736842105263157
236 1 0.631578947368421 1.5789473684210527
237 1 0.631578947368421 1.6842105263157894
238 1 0.631578947368421 1.789473684210526
239 1 0.631578947368421 1.894736842105263
240 1 0.631578947368421 2.0
241 0 0.7368421052631579 0.0
242 0 0.7368421052631579 0.10526315789473684
243 0 0.7368421052631579 0.21052631578947367
244 0 0.7368421052631579 0.3157894736842105
245 0 0.7368421052631579 0.42105263157894735
246 0 0.7368421052631579 0.5263157894736842
247 0 0.7368421052631579 0.631578947368421
248 0 0.7368421052631579 0.7368421052631579
249 0 0.7368421052631579 0.8421052631578947
250 0 0.7368421052631579 0.9473684210526315
251 1 0.7368421052631579 1.0526315789473684
252 1 0.7368421052631579 1.1578947368421053
253 1 0.7368421052631579 1.263157894736842
254 1 0.7368421052631579 1.3684210526315788
255 1 0.7368421052631579 1.4736842105263157
256 1 0.7368421052631579 1.5789473684210527
257 1 0.7368421052631579 1.6842105263157894
258 1 0.7368421052631579 1.789473684210526
259 1 0.7368421052631579 1.894736842105263
260 1 0.7368421052631579 2.0
261 0 0.8421052631578947 0.0
262 0 0.8421052631578947 0.10526315789473684
263 0 0.8421052631578947 0.21052631578947367
264 0 0.8421052631578947 0.3157894736842105
265 0 0.8421052631578947 0.42105263157894735
266 0 0.8421052631578947 0.5263157894736842
267 0 0.8421052631578947 0.631578947368421
268 0 0.8421052631578947 0.7368421052631579
269 0 0.8421052631578947 0.8421052631578947
270 0 0.8421052631578947 0.9473684210526315
271 1 0.8421052631578947 1.0526315789473684
272 1 0.8421052631578947 1.1578947368421053
273 1 0.8421052631578947 1.263157894736842
274 1 0.8421052631578947 1.3684210526315788
275 1 0.8421052631578947 1.4736842105263157
276 1 0.8421052631578947 1.5789473684210527
277 1 0.8421052631578947 1.6842105263157894
278 1 0.8421052631578947 1.789473684210526
279 1 0.8421052631578947 1.894736842105263
280 1 0.8421052631578947 2.0
281 0 0.9473684210526315 0.0
282 0 0.9473684210526315 0.10526315789473684
283 0 0.9473684210526315 0.21052631578947367
284 0 0.9473684210526315 0.3157894736842105
285 0 0.9473684210526315 0.42105263157894735
286 0 0.9473684210526315 0.5263157894736842
287 0 0.9473684210526315 0.631578947368421
288 0 0.9473684210526315 0.7368421052631579
289 0 0.9473684210526315 0.8421052631578947
290 0 0.9473684210526315 0.9473684210526315
291 1 0.9473684210526315 1.0526315789473684
292 1 0.9473684210526315 1.1578947368421053
293 1 0.9473684210526315 1.263157894736842
294 1 0.9473684210526315 1.3684210526315788
295 1 0.9473684210526315 1.4736842105263157
296 1 0.9473684210526315 1.5789473684210527
297 1 0.9473684210526315 1.6842105263157894
298 1 0.9473684210526315 1.789473684210526
299 1 0.9473684210526315 1.894736842105263
300 1 0.9473684210526315 2.0
301 1 1.0526315789473684 0.0
302 1 1.0526315789473684 0.10526315789473684
303 1 1.0526315789473684 0.21052631578947367
304 1 1.0526315789473684 0.3157894736842105
305 1 1.0526315789473684 0.42105263157894735
306 1 1.0526315789473684 0.5263157894736842
307 1 1.0526315789473684 0.631578947368421
308 1 1.0526315789473684 0.7368421052631579
309 1 1.0526315789473684 0.8421052631578947
310 1 1.0526315789473684 0.9473684210526315
311 0 1.0526315789473684 1.0526315789473684
312 0 1.0526315789473684 1.1578947368421053
313 0 1.0526315789473684 1.263157894736842
314 0 1.0526315789473684 1.3684210526315788
315 0 1.0526315789473684 1.4736842105263157
316 0 1.0526315789473684 1.5789473684210527
317 0 1.0526315789473684 1.6842105263157894
318 0 1.0526315789473684 1.789473684210526
319 0 1.0526315789473684 1.894736842105263
320 0 1.0526315789473684 2.0
321 1 1.1578947368421053 0.0
322 1 1.1578947368421053 0.10526315789473684
323 1 1.1578947368421053 0.21052631578947367
324 1 1.1578947368421053 0.3157894736842105
325 1 1.1578947368421053 0.42105263157894735
326 1 1.1578947368421053 0.5263157894736842
327 1 1.1578947368421053 0.631578947368421
328 1 1.1578947368421053 0.7368421052631579
329 1 1.1578947368421053 0.8421052631578947
330 1 1.1578947368421053 0.9473684210526315
331 0 1.1578947368421053 1.0526315789473684
332 0 1.1578947368421053 1.1578947368421053
333 0 1.1578947368421053 1.263157894736842
334 0 1.1578947368421053 1.3684210526315788
335 0 1.1578947368421053 1.4736842105263157
336 0 1.1578947368421053 1.5789473684210527
337 0 1.1578947368421053 1.6842105263157894
338 0 1.1578947368421053 1.789473684210526
339 0 1.1578947368421053 1.894736842105263
340 0 1.1578947368421053 2.0
341 1 1.263157894736842 0.0
342 1 1.263157894736842 0.10526315789473684
343 1 1.263157894736842 0.21052631578947367
344 1 1.263157894736842 0.3157894736842105
345 1 1.263157894736842 0.42105263157894735
346 1 1.263157894736842 0.5263157894736842
347 1 1.263157894736842 0.631578947368421
348 1 1.263157894736842 0.7368421052631579
349 1 1.263157894736842 0.8421052631578947
350 1 1.263157894736842 0.9473684210526315
351 0 1.263157894736842 1.0526315789473684
352 0 1.263157894736842 1.1578947368421053
353 0 1.263157894736842 1.263157894736842
354 0 1.263157894736842 1.3684210526315788
355 0 1.263157894736842 1.4736842105263157
356 0 1.263157894736842 1.5789473684210527
357 0 1.263157894736842 1.6842105263157894
358 0 1.263157894736842 1.789473684210526
359 0 1.263157894736842 1.894736842105263
360 0 1.263157894736842 2.0
361 1 1.3684210526315788 0.0
362 1 1.3684210526315788 0.10526315789473684
363 1 1.3684210526315788 0.21052631578947367
364 1 1.3684210526315788 0.3157894736842105
365 1 1.3684210526315788 0.42105263157894735
366 1 1.3684210526315788 0.5263157894736842
367 1 1.3684210526315788 0.631578947368421
368 1 1.3684210526315788 0.7368421052631579
369 1 1.3684210526315788 0.8421052631578947
370 1 1.3684210526315788 0.9473684210526315
371 0 1.3684210526315788 1.0526315789473684
372 0 1.3684210526315788 1.1578947368421053
373 0 1.3684210526315788 1.263157894736842
374 0 1.3684210526315788 1.3684210526315788
375 0 1.3684210526315788 1.4736842105263157
376 0 1.3684210526315788 1.5789473684210527
377 0 1.3684210526315788 1.6842105263157894
378 0 1.3684210526315788 1.789473684210526
379 0 1.3684210526315788 1.894736842105263
380 0 1.3684210526315788 2.0
381 1 1.4736842105263157 0.0
382 1 1.4736842105263157 0.10526315789473684
383 1 1.4736842105263157 0.21052631578947367
384 1 1.4736842105263157 0.3157894736842105
385 1 1.4736842105263157 0.42105263157894735
386 1 1.4736842105263157 0.5263157894736842
387 1 1.4736842105263157 0.631578947368421
388 1 1.4736842105263157 0.7368421052631579
389 1 1.4736842105263157 0.8421052631578947
390 1 1.4736842105263157 0.9473684210526315
391 0 1.4736842105263157 1.0526315789473684
392 0 1.4736842105263157 1.1578947368421053
393 0 1.4736842105263157 1.263157894736842
394 0 1.4736842105263157 1.3684210526315788
395 0 1.4736842105263157 1.4736842105263157
396 0 1.4736842105263157 1.5789473684210527
397 0 1.4736842105263157 1.6842105263157894
398 0 1.4736842105263157 1.789473684210526
399 0 1.4736842105263157 1.894736842105263
400 0 1.4736842105263157 2.0
401 1 1.5789473684210527 0.0
402 1 1.5789473684210527 0.10526315789473684
403 1 1.5789473684210527 0.21052631578947367
404 1 1.5789473684210527 0.3157894736842105
405 1 1.5789473684210527 0.42105263157894735
406 1 1.5789473684210527 0.5263157894736842
407 1 1.5789473684210527 0.631578947368421
408 1 1.5789473684210527 0.7368421052631579
409 1 1.5789473684210527 0.8421052631578947
410 1 1.5789473684210527 0.9473684210526315
411 0 1.5789473684210527 1.0526315789473684
412 0 1.5789473684210527 1.1578947368421053
413 0 1.5789473684210527 1.263157894736842
414 0 1.5789473684210527 1.3684210526315788
415 0 1.5789473684210527 1.4736842105263157
416 0 1.5789473684210527 1.5789473684210527
417 0 1.5789473684210527 1.6842105263157894
418 0 1.5789473684210527 1.789473684210526
419 0 1.5789473684210527 1.894736842105263
420 0 1.5789473684210527 2.0
421 1 1.6842105263157894 0.0
422 1 1.6842105263157894 0.10526315789473684
423 1 1.6842105263157894 0.21052631578947367
424 1 1.6842105263157894 0.3157894736842105
425 1 1.6842105263157894 0.42105263157894735
426 1 1.6842105263157894 0.5263157894736842
427 1 1.6842105263157894 0.631578947368421
428 1 1.6842105263157894 0.7368421052631579
429 1 1.6842105263157894 0.8421052631578947
430 1 1.6842105263157894 0.9473684210526315
431 0 1.6842105263157894 1.0526315789473684
432 0 1.6842105263157894 1.1578947368421053
433 0 1.6842105263157894 1.263157894736842
434 0 1.6842105263157894 1.3684210526315788
435 0 1.6842105263157894 1.4736842105263157
436 0 1.6842105263157894 1.5789473684210527
437 0 1.6842105263157894 1.6842105263157894
438 0 1.6842105263157894 1.789473684210526
439 0 1.6842105263157894 1.894736842105263
440 0 1.6842105263157894 2.0
441 1 1.789473684210526 0.0
442 1 1.789473684210526 0.10526315789473684
443 1 1.789473684210526 0.21052631578947367
444 1 1.789473684210526 0.3157894736842105
445 1 1.789473684210526 0.42105263157894735
446 1 1.789473684210526 0.5263157894736842
447 1 1.789473684210526 0.631578947368421
448 1 1.789473684210526 0.7368421052631579
449 1 1.789473684210526 0.8421052631578947
450 1 1.789473684210526 0.9473684210526315
451 0 1.789473684210526 1.0526315789473684
452 0 1.789473684210526 1.1578947368421053
453 0 1.789473684210526 1.263157894736842
454 0 1.789473684210526 1.3684210526315788
455 0 1.789473684210526 1.4736842105263157
456 0 1.789473684210526 1.5789473684210527
457 0 1.789473684210526 1.6842105263157894
458 0 1.789473684210526 1.789473684210526
459 0 1.789473684210526 1.894736842105263
460 0 1.789473684210526 2.0
461 1 1.894736842105263 0.0
462 1 1.894736842105263 0.10526315789473684
463 1 1.894736842105263 0.21052631578947367
464 1 1.894736842105263 0.3157894736842105
465 1 1.894736842105263 0.42105263157894735
466 1 1.894736842105263 0.5263157894736842
467 1 1.894736842105263 0.631578947368421
468 1 1.894736842105263 0.7368421052631579
469 1 1.894736842105263 0.8421052631578947
470 1 1.894736842105263 0.9473684210526315
471 0 1.894736842105263 1.0526315789473684
472 0 1.894736842105263 1.1578947368421053
473 0 1.894736842105263 1.263157894736842
474 0 1.894736842105263 1.3684210526315788
475 0 1.894736842105263 1.4736842105263157
476 0 1.894736842105263 1.5789473684210527
477 0 1.894736842105263 1.6842105263157894
478 0 1.894736842105263 1.789473684210526
479 0 1.894736842105263 1.894736842105263
480 0 1.894736842105263 2.0
481 1 2.0 0.0
482 1 2.0 0.10526315789473684
483 1 2.0 0.21052631578947367
484 1 2.0 0.3157894736842105
485 1 2.0 0.42105263157894735
486 1 2.0 0.5263157894736842
487 1 2.0 0.631578947368421
488 1 2.0 0.7368421052631579
489 1 2.0 0.8421052631578947
490 1 2.0 0.9473684210526315
491 0 2.0 1.0526315789473684
492 0 2.0 1.1578947368421053
493 0 2.0 1.263157894736842
494 0 2.0 1.3684210526315788
495 0 2.0 1.4736842105263157
496 0 2.0 1.5789473684210527
497 0 2.0 1.6842105263157894
498 0 2.0 1.789473684210526
499 0 2.0 1.894736842105263
500 0 2.0 2.0
